 index  w  T  q  CO2  CH4
           1  -1.4046996781261742        14.114018449564355       -5.3176657165936376        195.72628523330786        1.6841841728508555E-002
           2 -0.85706370688833156       -16.649842977523804        1.2277717292304260        96.049292087540380       -1.4430000970606649E-002
           2  -1.7817489852789674       -12.510005950927734       -8.9208884686236161        383.68076753616333        1.4764782332350457E-002
           4  -1.8573278050963635       -14.115878137108666        13.451102955143369       -234.24706436156703        3.5654517426274346E-002
           4   2.4764000584669530        6.0328540400782913       -9.0330396245296924        146.83155971146334        4.2112037848198725E-003
           4   3.7639314729091153        5.1448324174209574        36.860191358178099       -417.17227139409079        6.2343059130709477E-002
           4   1.0835676824849667       -6.1533168137930261       -10.207610252367431        305.57612036722639       -3.7526756910609471E-002
           8 -0.43559073309924634       -2.4868011474612786        5.3065531551836784       -131.32882118225825        4.2522950563579354E-002
           8   2.1995997828608980       -9.5821700096129234        1.8538233637809753       -69.758146286010742       -1.6138032660818702E-002
           8   2.0402707120309578        9.0430936813355629        31.613885641097795       -262.07410526275999        3.0022662831469038E-002
           8  0.62230501386738923        14.045982360839503       0.65114608407009200       -27.325006484985352        8.9952908456325531E-003
           8  0.26186946877245276        3.7666707038880531       -1.0040814876557533        6.9746713638305664       -1.7454071552493566E-002
           8  0.49291147016354109       -4.9956321716308594       -7.2811502814292908        123.55318164825076       -5.9589422307908535E-003
           8  -1.0420946777377353       -10.827879905700797       -7.7932650148868561        157.53290748596191       -6.3329683616761834E-003
           8  -1.2742556733606476       -15.668474674224854       -27.261805117130393        400.03065776824951       -1.6859993105753812E-002
          16   3.1436604174707274        1.5425328458251215        18.640572488692783       -232.59553639374280        2.8198182219817181E-002
          16  -2.3102133346183358       -4.8978158074447720       -11.925775401184751        104.66709786399952        2.0025630552389373E-004
          16   4.6774887922492514        9.5431719923088849        28.244583077505808       -320.94512512582514        1.2972396613141868E-002
          16 -0.76498835441219171       -7.2818748841742718       -13.211445711752845        64.032319131176337       -2.2030566837420551E-002
          16 -0.86776267880524594       -5.8424763881796480        2.5988110097650861       -28.303629126399755       -1.9400555416591470E-002
          16  0.41687315548923448       0.21242753434012229        6.1519759539543202       -55.116732594979112        5.0285849475928401E-004
          16  -2.3948036076460881        7.1675065447541328        4.7928567941014535       -30.558152393041382        1.4097751712697448E-002
          16   1.2757838841437172        3.6398706210575256        5.2850799333441500E-002   23.145860998232820        4.9523248350196170E-003
          16  0.90755835140044772        7.8913527054701262        17.064813554165880       -221.12992930402834        2.9389590979884250E-002
          16 -0.48016577178274550       -1.2080527586440439       -5.8763307599523387        68.937088831447909       -2.8725132248311080E-002
          16  0.18531764599232670       -2.1707629801352368       -1.0144574055962039        15.552060322799662       -3.5156629049204469E-004
          16  -1.9106620647431174        6.2857924508575707        2.7587827028892207       -25.399666756922670       -1.2389764176954365E-003
          16  -1.3135836954278930       -7.9246905254674402       -21.176260037002407        251.77327632511879       -1.3778790783976369E-002
          16   1.5757240188611106        8.0832705718005400        27.138663301718225       -289.58203401248466        2.2636768581546729E-002
          16 -0.86717785170026174       -1.4451068651567311       -17.181798117060453        218.37112742431964       -2.7903296855126491E-002
          16 -0.40057849413182522       -9.3660351943389060       -15.071791757808683        155.66493966257804       -6.4956467738990220E-003
          32   2.6436824505294654      -0.27356815338134766        7.3140234351158142       -86.926746368410022        9.1753250453621149E-003
          32  -2.3456069789984872       -6.2208223342896076       -12.733704447746334        147.60919189453307       -7.4506397359075383E-003
          32 -0.47767175231183434       -4.5813550949097248       -12.962726056575832        142.86116027832213       -2.1505188196897507E-003
          32   1.4673859029026617        5.1188344955444336        13.466524660587254       -164.86846923827943        1.1693854583427088E-002
          32  0.13419783805693442       -1.2878293991088299       -4.0401635169983479        55.113063812255859       -3.6922467406836912E-003
          32  0.37899523988471551        4.5968837738037678        9.0082091093063923       -91.454319000244141        3.6986477207392454E-003
          32   1.9781013372412399        3.6518268585205647        1.4165330529212383       -13.932268142703833       -8.0874543637035057E-003
          32   3.5120662018573476        9.0491962432860760        4.9600260853767963       -25.043268203735352        1.2686549453064799E-002
          32  0.95985465297348938       -9.2602529525756268       -10.704368472099304        106.24000358581543       -1.5233967220410705E-002
          32  -3.4142870321102206       -8.5529365539550781       -1.1921252012251671        30.477088928222656       -1.0732827708125336E-002
          32   2.9976732473642437E-002  -3.7446651458740803       -4.0212529897689251        31.860210418701172       -1.1354591697458893E-003
          32  -1.0221081510980798       -2.6830606460571289       -1.9038187265396118        26.438667297365100       -5.1260280888527632E-003
          32  -1.4111953057235938       -7.5079231262206463       -17.228627383708954        151.97575950622377       -1.2318976456298980E-002
          32 -0.93497780333382163        1.5437736511231037       -2.3428950309753986        7.7787704467737058        5.2550870459528998E-003
          32 -0.62039571825789541       -1.6571063995361328       -9.9123721718787579        97.764755249023438       -2.1443207515403184E-002
          32   8.3843217991670604E-002  -3.6574535369873615       -15.308291018009186        175.55378532409668       -1.1975250905379653E-002
          32  -2.4892164914785990       -1.5507497787476154       -9.1959509849548340        97.683595657346814       -1.0948406998067872E-002
          32 -0.17086892913751223        1.3799419403076172      -0.27012610435497209       -21.282293319703967        2.0863797981289789E-003
          32 -0.14469439914319049       -8.0691337585392375E-002   1.3168300390242393        3.6805419921856810       -2.5779281277207300E-003
          32  0.24895936935672547       0.85157108306879081        7.3173278570174602       -96.397554397581189        7.0556181017311648E-003
          32   1.7494547976597215       0.65829849243169747        6.8992708921431927       -109.54707527160463        1.2533771572634800E-002
          32  0.81183363124040298       -4.3445959091185955       -2.6174376606941223        39.408456802368164       -4.2082590516656637E-003
          32   3.7217582049784674        1.7975873947144692        7.8251004815101055       -89.670396804811389        8.5675613954661056E-003
          32   1.9198913301487845        1.6624450683480063E-002   10.588288068771362       -129.90984344482240        1.9310234114527924E-002
          32   2.1285319991234224        5.3748340606689453        10.298130214214382       -100.83088111877623        1.8502366496250033E-002
          32   1.6894331072369351       -3.6221599578857422       -13.298119723796844        104.73690032958984       -7.6186899095775917E-003
          32   3.0063337368901530        1.5178499221800621        11.940488100051823       -94.827653884889514        1.2386384187266231E-002
          32   1.7852286648067075        6.6020822525024414        18.189738810062408       -159.12314224243346        1.3539371546357648E-002
          32  -9.7598516650009459E-002  0.44028663635259591       -1.4124248027800377        16.834100723264783       -9.8696316126736239E-003
          32  -7.1297988933352402E-002  -3.0256710052491371        3.5770597457884037        22.899118423460095        1.0327173862606065E-002
          32  -5.5614566304484303E-002  -4.1991796493529705       -8.0758088827132610        97.603689193723767       -2.4214684963221877E-003
          32   2.3052727110525644        5.0271701812744141        17.044369816780147       -225.06086730957031        2.9325458453967723E-002
          64 -0.24366820416164647      -0.79939017198688589        3.2022292943568686       -22.966390950727146        1.1360885189275249E-002
          64  0.80398419514201414        2.5171837752612305        11.319631985661886       -134.53797070208839        1.2264061530543824E-002
          64  0.60467175753946378        3.1375611087568700        8.0011454144283789       -83.795819334900443        7.5952700699859488E-003
          64  0.16999458885253721      -0.72872912599700612        1.3933596389046556       -15.502625104070830        4.9842464629556993E-003
          64   1.5311677174945451        2.5148383874353044        5.2270835938700202       -57.936323042878939        3.9551389603311726E-003
          64  -1.3727981941693685       -3.6997852322014637       -8.3984076157383925        84.591829666811464       -1.7056246780469131E-003
          64 -0.19212368986572270       -2.8227302195267043       -3.3640395594536585        17.753293788532574       -6.7203136779729888E-003
          64   1.4214543491309755        3.6501423138018367        8.1850777173714846       -95.228626061232717        7.6285911050009148E-003
          64  -4.1653002797105376E-002  -3.3750090354219537       -8.9312004262803839        110.23380775954320       -8.6906156255843747E-003
          64   1.3556342648469974        6.1506197526629762        5.8699480412138314       -66.811996176357752        7.3579293122196798E-003
          64 -0.18510397946141521       0.49780215973356690        1.3301937355728910       -34.499473459036381       -4.2336673965317484E-003
          64  0.48149075105358852       -1.5587968089031392       -2.1787102741841124        30.906112728245716        6.0731205016706369E-004
          64   1.0958190417762705        6.4612022395632493        3.2074142839544493       -24.175942114126883        7.9478024452717122E-004
          64  0.30970334604187744       -5.3200085439984264       0.33907181773861339       -35.329336139669977       -6.8184163947828669E-003
          64  -2.1901547241233388E-002  0.26341982624182947        5.6564740849188411       -45.736883349572963        7.8201738854459801E-003
          64 -0.67277030417079398        3.0151302458040732      -0.66898790698780886        23.048637322435752        1.6854330448878851E-003
          64 -0.99818281002591702       -5.5311649293875575       -10.254652689140300        127.80248351591035       -1.0274833013773410E-002
          64  -1.9873571302908288       -5.5692130811744391       -10.438773388496259        102.74239358026716       -1.0579155321262856E-002
          64   1.4894761667020577        6.9225153437299696        15.238139468322402       -125.00623905033717        1.3411701776249618E-002
          64  -9.0860615392449162E-002   5.8202046447273688        9.4622642045092107       -95.707519458852403        7.5150343242220696E-003
          64  -1.1641681807545607      -0.63575250383240700       -3.7603180533194518        45.039379306350384        9.0626524428349953E-004
          64  -2.1403752345378249       -8.2873085230636434       -13.477013172807375        121.27107609067025       -8.5243640889109962E-003
          64  -1.6131169577925477       -4.2946640595229155       -4.8984185916721117        40.281165999464065       -4.2346996650481916E-003
          64 -0.85313614563843276       -5.7080292901290477       -6.0834544505822521        51.921416142422459       -9.7200477906516092E-003
          64  -2.4561058567916372       -2.6834284788771470       -5.7028028280325884        48.067300614913620       -4.7510328036211025E-003
          64  -1.6879744426829772       -2.5100478080461812       -4.7652985292937160        51.144128452143377        1.7189131184014439E-003
          64  0.41359926544213765        2.9716872974078115        6.0193313923207370       -65.718710972083500        3.9984583473384738E-004
          64 -0.65198953377013802        3.3055334959869356        6.5255290356904538       -83.530338696355102        7.8402328218871720E-003
          64   2.5489029493062754        3.4787307437332515        7.5381933036166515       -81.147775326984629        2.9325714632151278E-003
          64  -1.6381984611106770       -2.0336454577629297       -8.6140678976530580        90.199332316922664       -2.4764166486173744E-002
          64 -0.52942025596864295       -2.0363522969616383       -5.1694787143182452        61.539540067074995       -2.1513338572225482E-003
          64 -0.32719933800765910       -2.4956437010990840       -1.7538125528928958        12.860113460077628       -7.3439754126400913E-003
          64  -1.4055583831528904       -5.5370830212680744       -12.807802646165726        145.84887930162949       -1.6164445807758554E-002
          64  0.66189825666658231        3.2729179043856220        8.5590361674965152       -85.865783912137886        9.1535414631045420E-003
          64  0.53051334071222722        3.3679620823509140        13.578387807418949       -162.82901241929358        1.4024221267113779E-002
          64  -2.0725200908381707       -2.2411104535720483       -10.272489994073396        103.34719613595007       -1.5770731680939232E-002
          64   1.7027216310343909        1.5185489287987934        10.406890477709510       -101.64099729928694        1.1203001119120204E-002
          64  0.45164585988125461        1.1956555160357993        4.2492520946577770       -41.936081899559213        5.7958439585832355E-003
          64  0.92006642050792675        1.7164152327407010        6.8067193219636124       -89.824957708814509        1.7897968736070080E-002
          64  -1.6061087379075103       -1.2428910064485876       -4.2166368402313310        56.238208308939647       -1.9002400888789683E-002
          64  0.57606328079346492       0.59260222315214151        2.9930606386373029       -44.099708238130916        4.7671990834752265E-003
          64 -0.19001999658071955        8.4676727581040723E-002  0.44543722926971441       -6.2473201331849850        7.7737129118671255E-004
          64   2.0768881964154096        1.5343826568472991        7.0358515911236452       -83.184445916949699        1.2902711738212780E-002
          64  -1.6114950118673315       -7.1212920195998208       -9.9632316768596638        114.22100482720634       -1.9312705085317905E-002
          64  0.69410505808962641        3.7107757815940090        6.7842837115642283       -91.498393945668795        7.7556440969259732E-003
          64  -3.8230523531521694       -2.9938167530995656       0.44194679586343000       -31.966319737110098        4.1819782381025128E-004
          64 -0.21125312905927507        2.1120048785143695        8.2686961375863461       -113.44989148165041        6.4569403265339886E-003
          64  0.60749873582570990       -3.0816143705191053        1.8277727698904869       -22.600826045481881        3.2371469810681397E-003
          64 -0.49571796951290703       0.65341641663064820       -1.7404453427129170        19.577816699233153       -4.9529563792030107E-003
          64 -0.60413984702510592       0.31759302509414056      -0.45137647886815557       -1.8309022576868301        1.5822335228588003E-003
          64 -0.69333529123535387        1.1671858256289624       0.38366588086142883       -18.605712113791014       -9.7029453897792273E-003
          64 -0.41680529363980651       -1.6302454951979826       -4.0157562779776299        31.832954970130231       -5.4728894513291770E-003
          64  -2.2897186892506034       -2.5199890694981377        1.0031593106501191       -1.6927334243227961       -3.6631021299100563E-003
          64  -8.9916933397194643E-002  -1.2775175084860280       -2.7661210171240782        20.814657441281270       -9.6441406579406141E-004
          64  0.49241696268116086        4.1857363724834045        9.8147205126356880       -97.049119058861834        5.3673718526314751E-003
          64  -3.7920941927621743E-002 -0.70518488489443598       -3.2969186801513217        15.964365745869145       -1.7766539715886598E-003
          64  0.21633092556849998        2.5056820688899961        9.1929123779269162       -70.516047343980972        9.3962355291756783E-003
          64  -1.4463192647735237      -0.84068059653594673       -9.1410618076022274        79.254476851714571       -1.6480630477470948E-002
          64 -0.24664426882065216      -0.39966946070950371        3.6060189466832639       -23.964514640207199       -8.0185630526541374E-004
          64  -1.4175683114555206       -5.6618970356230989       -22.776982507755775        269.26335124358684       -3.2168893617492200E-002
          64 -0.41982782310245564       -1.6345006410236351       -5.3669426001505371        61.405387659789085       -8.6509712462043975E-003
          64  -1.3759852240419295       -2.8403523226512561       -8.8795858783074664        113.70148591372345       -9.8747662373570577E-003
          64   4.4886066888400578E-002   1.0365872406095491        1.0236719289392795       -44.334327942672644        8.3365198656373263E-003
          64 -0.33147370704719609       0.68228667068586901        2.6324844029703058       -29.298555050188952        1.0634558670721272E-003
         128  0.89363815803881086      -0.39786529541012783      -0.64341855049130459        8.2516403198242188       -2.4763294495643295E-003
         128   1.2750600317085616        1.3339805603027060        2.4114509820938679       -12.154621124268488        9.8948692902900426E-004
         128  0.29419907550618501        2.3210487365722656        7.9685089588164715       -84.852108001708984        7.7383369207381092E-003
         128  -1.0892470169974320       -1.1236591339111328       -2.8111855983734415        34.849296569823309       -4.2053065262733780E-003
         128 -0.72348113743646469       0.44049835205072441        2.3766083717345907       -31.923961639405206        1.9087349064645931E-003
         128  0.44427884847391352        1.5970478057861044        4.2514641284942627       -45.291168212888806        4.0920907631518677E-003
         128  0.97118619282264207      -0.24128723144528408      -0.68315839767450370        5.4962577819842409       -1.6017863526940346E-003
         128 -0.31584707514161875        3.1959571838379190        3.2178573608398722       -25.889724731446222        2.1017040126025677E-003
         128  0.18871424350800220        1.7274398803710938        3.3572236299514771       -50.856170654296875        1.7593568190932274E-003
         128  0.46216878663108174      -0.64643096923825283       -1.4120085239410969        22.791915893552869       -1.7483024857937179E-003
         128  -1.2522167147508290       -2.7042179107666016       -7.7879550457000448        76.770629882812500       -4.4360612519085407E-003
         128  -7.8125817812178727E-002   2.7355308532713991        5.4189691543579102       -63.144493103029163        2.5899708271026611E-003
         128  0.53937528532617307        2.0177192687987997        5.2630878686904907       -69.243225097656250        2.2443160414695740E-003
         128  -1.1364338403536740       -2.2035255432128338       -6.2995826005935385        74.729682922364191       -7.8247627243401841E-003
         128  0.66184777387388705        1.6139850616454794        7.5880042314529419       -82.482185363771350        2.7185203507541500E-003
         128  0.39576525199481660      -0.20218658447265625        3.4031937122344971       -39.490951538085028        4.5234928838906452E-003
         128  0.11132645553516296       0.12283706665044747       -1.5606122016907022        22.940856933593750       -1.5361942350864410E-003
         128  -9.1798148401722068E-002  -1.7821350097656818       -4.0874958038273235E-002   9.7782478332510436        5.8190803974877969E-004
         128  -9.6431539277546108E-002   7.0738048553466513        8.5489609241485311       -96.383621215819403        7.7856234274804592E-003
         128  -2.0067968231160083E-002  0.49452972412106533        2.3475682735443115       -20.169147491455078        2.5804871693253517E-003
         128  0.23374541119119363       -3.3965930938720987       -6.0161061286926270        57.581996917724609       -7.7868578955531120E-003
         128  0.42951381852617465        2.4961833953857138        6.1749290227890015       -67.719406127931506        3.1883334740996361E-003
         128 -0.39094045140700445       -1.6547126770020100      -0.13897776603704415       -3.2362899780273438       -6.8082008510716996E-005
         128  0.44095513151842158       -1.8241806030273722       -2.6215456724166586        26.411899566650391       -1.0020993649958454E-003
         128   4.7806696649786207E-002  -1.9878654479980185       -1.7924655675888062        17.533435821532294       -5.9180147945869788E-004
         128  0.31416902167984484        1.8403244018554688       -1.2864640951156048        29.221359252929688       -1.6537392511963844E-003
         128   3.5309991653775685E-002  0.11655235290530186       -1.2633806467055990        12.868309020994275        3.9204070344578401E-004
         128 -0.27003296139082489       -3.2015819549560263       -5.5688529014587118        41.602203369141534       -9.7413812763988972E-003
         128 -0.13014984370965932      -0.33296775817873936       -5.2478384971618368        31.442039489746094       -1.2329073622822873E-002
         128   1.5668747177041940        3.2931728363036825        6.9685015678405762       -57.018947601318359        7.7071478590368114E-003
         128  0.52763487135598464        4.8679676055907635      -0.15566086769104004        5.6349792480468750       -2.0229723304621139E-005
         128  0.21146931470275354       -1.5642299652099609        1.5155478715896322       -8.9136810302743470        2.3670494556404797E-004
         128 -0.29353715037314010       0.19755363464355469       -1.8910698890685751        33.397491455077216        8.9344242587696687E-004
         128  0.54660752794734424       -3.1104164123534588       -9.9014648199081705        107.67873382568359       -8.0852629616855465E-003
         128  0.93416093791165566        1.4624805450439453       0.51554691791531582       -21.870281219481512       -1.1334721930327252E-003
         128 -0.75480006534962674       -3.9649410247803303       -8.3655483722686768        76.403228759764716       -6.6334963776171207E-003
         128   5.0169661823019851E-002  0.40637207031247158       0.45110309123995762        1.7506027221679688       -2.2679539397357784E-003
         128  -1.3082917754254586      -0.30975914001467686       0.62066829204556484       -1.6675758361834596        2.4334215559063122E-003
         128 -0.51864355575526089      -0.49228096008303623       0.22025394439694423        3.2941665649423157        4.1146897710859776E-003
         128  0.36203711119014770        12.695075988769503        17.588653326034517       -145.69502639770417        2.9498849995434062E-002
         128   1.3262945877941086        1.1331272125243856       0.24702370166775722        4.5168609619140625       -5.0103385001420975E-004
         128  -3.9500057438999592E-002   2.1360492706298544        8.0565108060837076       -81.733402252196356        4.8040859401227154E-003
         128  0.57358909068807362       -1.5705928802490519       -3.9299072027206137        35.916511535644531       -2.2020698525010429E-003
         128  0.64297859047837791        2.3587551116943644        3.2219144105911823       -24.805629730224609        5.5112917907534920E-003
         128  0.62656539557877933      -0.50325775146484375        1.3427635431289673       -12.980415344238281        4.8661604523658752E-006
         128  -8.7760527186219267E-002  -2.3912868499755859       -2.6514694690704061        21.812728881835028       -5.8328551240265369E-003
         128  0.43351562301177154        2.0046787261962891        1.2662110328674316       -10.415073394775391        1.1977930553258576E-003
         128  -1.4139820822674651       -5.5369777679443075       -8.3756250143051716        81.316768646241144       -1.1689031030982733E-002
         128  0.92975069251769948      -0.68946456909182530        1.3481682538985922       -14.985603332519531       -4.0360121056448595E-004
         128  0.26033573305176094        1.4921226501465128       -7.9444673061370850        85.655284881590887       -7.9284207895398140E-003
         128   1.8540837573600573      -0.19973182678222656       -1.6321251392364502        15.408618927001044        2.1094996482133865E-003
         128  -1.3586932231773963       -6.3115215301513956        6.5700809955596640       -80.490772247315363        2.2829910740255199E-003
         128   1.0111766015252210        7.8857021331787394        13.681671857833834       -132.61809539794922        6.5718139521777630E-003
         128 -0.41625668174674468      -0.59793472290041905       -2.5781639814377684        30.431121826171875       -3.7416396662592888E-004
         128   9.4931600386189557E-002   3.5946979522704794        2.0729607343673422       -18.372798919676825        1.5659243799746037E-003
         128  0.81352004775544562      -0.83260726928710938        2.7489900588960836E-002  -11.143482208251044        1.9659716635943569E-003
         128  0.76536551874232761        2.9460391998291016        2.9621889591216473       -24.898174285889581        6.4279092475771904E-004
         128  0.96604939657299782        1.0718421936034588       0.53657579421999912        1.4638404846191406        3.6372495815157890E-003
         128  -1.7319699416111678       -1.5354347229003906       -7.7916355133056356        76.488662719727472       -7.6960022561252117E-003
         128  -6.7684861751331704E-002  -3.3508243560791016       -7.3821350336074829        82.800079345703125       -1.3707117643207312E-002
         128  0.87267968632113413        1.2273750305175781        6.6223757266998007       -69.304729461669922        1.1123152449727058E-002
         128  0.15217747868882714        4.6276092529325297E-002 -0.89533114433288574        9.0985374450665404       -7.6474435627449378E-004
         128  0.16852707817997703        2.7091350555419922        1.9476447105407715       -15.756164550782159        3.8314675912262119E-003
         128  0.78075715598242756        1.0619907379150959        4.8897804021835327       -60.105953216552734        2.9724049381909534E-003
         128   2.0471847496228279       -1.7606639862060831       -5.3857780694961832        68.246082305910022       -8.1920474767683826E-003
         128  0.64111279134249288        2.2305374145507812      -0.72657763957977295        3.2943115234384095        2.2476101294158779E-003
         128  -7.9288520792033523E-002   2.3911151885986328        4.2686895132064819       -50.734397888182684        8.7200733833014965E-003
         128   1.5349170860390575        4.3150539398193644        14.651448369026127       -168.70962524414062        1.8315320368856081E-002
         128 -0.25279088555330975       0.12609100341796875       -5.3693413734436035E-002   5.6550407409649779        2.2704037837684155E-003
         128 -0.38457839046804992       0.25032234191891689       0.41364681720736485       -10.899887084959119        2.2963033989072956E-003
         128  -2.1705028197175236E-002 -0.15064048767089844       0.87520051002505284       -20.517066955566406        2.8376956470309578E-003
         128  -1.1575682939583201       -1.4817085266113565       -7.5691571235656738        85.748237609864191       -1.3160532806068437E-002
         128  0.67138499399879903       0.17370796203613281      -0.22151017189023037        3.3528175353994811        3.9693349972366176E-003
         128  0.84843594959693214      -0.44653129577639561      -0.55505120754244786        7.6041488647460938       -8.9065544307231903E-004
         128  -4.6709200683835772E-002 -0.79299354553222656       -5.3312515020370483        64.161785125731512       -6.4140590839087963E-003
         128  0.62535375265088033      -0.26546096801757812        1.7896068096160320       -22.795646667480469       -1.4315871521830559E-003
         128  -1.7828532717539913       -1.6625118255615519       -7.8616379499435141        97.146385192870184       -3.2316890545189270E-002
         128 -0.83429599877854277       0.37393569946289062       0.56224179267883301       -4.9204444885244811        3.7365071475505829E-003
         128  0.46651908352396232       0.20391845703125000        6.1897647380828573       -76.929405212402344        5.7301628403365612E-003
         128 -0.38612936640220108       -1.1838607788085938       -5.5664142370223431        72.263320922852472        3.5421699285506092E-003
         128  0.86316834042190682        1.0125408172606853        7.0763660669327066       -91.834659576415106        1.0599323082715162E-002
         128 -0.26583541496188423       0.19832420349121094       0.88992750644683838       -14.457641601565228        2.1456363610924400E-003
         128   1.4204777223658298      -0.44126319885251064        1.5151220560074137       -29.606208801269531        3.4682634286582470E-003
         128  -3.9566533756442257E-002  -3.1892776489257812E-002  -1.9285153150558472        26.405632019043878       -3.7252800539134823E-003
         128  0.60343718875003516        1.8037681579590412        8.1960810422897055       -112.04239654540834        1.3800882734358422E-002
         128  0.85966735969122898      -0.16441345214843750       -4.6461701393155863E-002   14.560813903807684        2.4079997092485428E-004
         128  0.57959915453102417      -0.11530685424801845       -1.2155055999784281E-002   3.0372085571289062       -2.9911519959568977E-004
         128  -2.1699708176893169       -5.5872783660888672       -7.0198353528976440        87.421474456786200       -1.4946814626455418E-002
         128  0.74845377481869901      -0.41309738159179688        4.0375654697418497       -51.607276916503906        3.7874714471403115E-003
         128  0.13351268220003459        2.7799568176270100        2.5986403226852985       -32.596092224121094        2.3676799610254928E-003
         128   1.4779374641366294       0.19959068298342686       -1.4878935813903809        3.6232070922842468       -1.3707517646251999E-003
         128  -4.5092172105017845       -3.6789436340331747       0.19275856018063564       -1.4584388732928346       -6.4811576157797202E-004
         128   1.8846756094773398        4.4510955810547159        6.2905248403549194       -85.935123443604425        9.7399586811662830E-003
         128  0.44501916351146037        1.4823894500732706        1.5451542139053913       -12.506107330323175       -2.4008066393433891E-003
         128 -0.45317428719135899      -0.32299804687500000       -2.7495861053495219E-002   1.6593132019033874       -3.3501395955670699E-004
         128  -9.6517855534329899E-002  -1.4055080413818359      -0.17849326133728027       -2.7741203308096374        2.1787341684101902E-003
         128  -1.4285695607832158      -0.87621498107912998       -6.8579370975494101        68.650810241700128       -7.4017024599015713E-003
         128  0.12040131863977865      -0.51809310913085938        1.9037120342254923       -15.434093475342706       -1.1227261275053024E-003
         128  0.46363501703308396       -9.1527938842773438E-002 -0.29386699199679356        1.8239250183096374       -1.7757480964064598E-004
         128  0.36739854251300097      -0.22682952880853691      -0.90858864784240723        10.650905609131769       -1.1455141939221702E-003
         128  -1.8309795377208491       -4.3219470977783487       -7.7869694232940674        123.36609268188568       -6.9932285696266971E-003
         128  -1.7935639734785180E-003  -2.9137783050537109       -10.352341055869999        66.160224914550781       -4.5291595160961151E-003
         128 -0.45761428900004797       -1.2003726959228231       -4.0270493030548096        40.324020385741278       -3.2101594842972592E-003
         128 -0.68726829793513344       -8.4438323974893592E-003   3.4302141666412922       -26.181255340576172        3.7039215676486492E-003
         128 -0.70475097945563836       0.69673347473150216       -3.5774716138839153        55.502574920654297       -3.3274590969084583E-003
         128  -1.2540561658024669       -2.4057273864746094       -2.6448452472686768        34.911941528320312       -2.7782307006420925E-003
         128  -1.5294686759771128       0.13789939880371094        2.5970097780227093       -14.015399932860419        1.9429125823080540E-003
         128   5.2258033223551971E-002   1.1667766571045206        3.7419979572296143       -43.265514373778387        3.2720123417674385E-003
         128  -7.9630440464825369E-002   2.9469680786133097        5.3628634214401814       -47.494907379150391        3.1767725013195358E-003
         128 -0.47796054090576912       -1.0201187133789062       -2.0482885837555216        21.033851623536066       -1.7078230157494545E-003
         128 -0.71101918791646268      -0.81390380859372158       -2.4269883632659912        17.501865386961981       -3.1378180719913162E-003
         128  0.29313461140736746       0.37132453918459873       0.47430276870724697       -5.2868576049804688        7.0548243820667267E-004
         128 -0.44178838513494129      -0.40014076232910156       -4.9418724775314047        38.720100402832031       -5.1261987537144504E-003
         128  0.30459163067553141       -6.9908142089843750E-002 -0.54699873924255371        1.9625816345214844       -1.6445377841591835E-003
         128 -0.41313790909407500      -0.98781776428222656       -4.1530798673629761        33.155498504640491       -3.9639552123844624E-003
         128 -0.20772334748835403        1.4826049804686932       -3.2518105506896404        26.266033172607422       -6.1986465007066727E-003
         128 -0.20521619762189386       -1.3083038330078125        2.6540781259536743       -17.096927642821356       -4.2509813793002449E-003
         128  -5.5835845009113330E-002  0.62706947326665841      -0.16620481014251709        5.1372299194335938        4.0691206231713295E-004
         128 -0.82016410864161959        3.4725189208899110E-002 -0.58637118339541416        13.104827880859375        6.3477642834186554E-004
         128  -1.3117491888406212       -3.9321041107177734       -16.126075506210299        184.67619323730469       -2.4486781097948440E-002
         128  0.54441929368476805        2.5084114074707315        6.2256259918213175       -53.422840118408203        8.0062062479554497E-003
         128  -3.5480310571074924E-003  -1.0039653778076456       -4.4608542919158651        44.586513519287109       -2.5132796727124207E-003
         128 -0.44462033132731416      -0.71294975280764561       0.36566710472109776       -2.1358985900888001       -2.0490381866694607E-003
         128  -1.2177040982496681       -3.1038227081297975       -5.7597358226775839        64.924949645997003       -5.5506275966764607E-003
         128   1.2096296052532116      -0.48685073852539062      -0.69410800933843575        12.563018798828125        3.5699321888387203E-003
         128  0.86023587974341265        2.0567646026611328        3.8160364627838135       -61.695926666259766        4.2865378782154240E-003
         128 -0.68234659152949406      -0.45794296264654122        2.1152682304382040       -16.131675720213934        3.9364867843686424E-003
         128 -0.31981296477169940       -2.2975597381592081       -2.7058298587798504        26.653263092041016       -5.8709387667474910E-003
         256  0.72337021668824997       0.26812139148691472       -1.4159427632737902        11.277455465769435        3.4420567267218205E-003
         256  0.64755280054485764       0.58606372966156073        5.1609795494349271       -62.155695972222475        7.3239836477391185E-003
         256  0.32746061885578948       -1.9285130101381753       -3.4858744659684930        31.031366418524158       -3.4205782975939014E-003
         256  0.24309891361338992       -1.1686936712812326       -1.7837903418332530        17.752198644822329       -6.8062155406822811E-004
         256   1.0328211709350588       0.26436661304674658      -0.19532586050107170        5.9377073609771287       -1.5800359598354685E-003
         256   2.1655737012160476        5.3347633127250731        18.326800286150416       -221.68935352803192        1.5772844950265208E-002
         256 -0.67040119022390232       -1.9640701145906974       -3.4178921050825863        38.721217401487593       -3.7776082025966495E-003
         256  -1.5769516954023435       -4.3170079583797758       -5.3064134879552967        59.324096707071021       -6.4966232307684946E-003
         256  0.16646922068056513       -1.8272877439577826       -4.7585196301791939        54.868652872897655       -2.2310941338511414E-003
         256  -7.1419156335901346E-002   1.5722649186385240        2.6723372828104743       -29.769615203130343        3.3330307321582930E-003
         256  0.30269426906819719        1.7322853756663790        4.2422888452279039       -44.871830410656912        3.0135510350005612E-003
         256  0.21822417085714219      -0.91770075902917370       -2.7241482350975161        33.903831267994065       -1.0522066097865546E-003
         256  -1.0158527799034205       -1.8539677105895578       -4.0116385308781162        38.413692415565492       -4.6774262961470914E-003
         256   1.0162106894078009      -0.91465809374142282       -3.9922661534285737        41.120224110923118       -2.1733753419046486E-003
         256  0.99169503079193333        2.4782778508134413        10.545363695611002       -117.97181539444136        7.6628357486880905E-003
         256   7.1128120611464660E-002 -0.43441599697149513      -0.62229248629196832        1.1765188237632174        8.1809337865423881E-004
         256  -1.1738856880014055       -2.6731486939379749       -2.7760352202992635        24.768007555017903       -2.0620016361699856E-003
         256  -1.2116617361432003       -3.7552639718333580       -8.0741737646053338        86.871168997858149       -7.7128535211583582E-003
         256 -0.52565032237814513       -1.1309381872103756       -2.5162835185770689        30.841097336907296       -1.9617026734263243E-003
         256  0.52550919503473392       0.13080763338800239        1.7441798906657624       -21.883156252534718        1.4017429368330392E-003
         256 -0.52173909808789787      -0.41863082209241043      -0.32494326688714636        3.4147012514758899       -2.4916031459598642E-005
         256 -0.59482919960784342      -0.55465792119997559        3.1254310771680309       -45.819582884197189        1.8050849843598282E-003
         256   1.0359432449137922      -0.21649318793495809       0.43171084364664125       -12.103539091379844       -5.6759621870761112E-004
         256 -0.58140944900543690      -0.70893561723715948      -0.45600293842915107        5.7063137448067209        7.4531499089891540E-004
         256 -0.14463173950206437       0.48947529116694000       -1.8711415398333884        25.416445923076481       -1.5347162438850148E-003
         256   1.2232244872558302        3.1392591209896636        6.3259894175689055       -79.061386291471536        2.7411447578180592E-003
         256 -0.51692306942502919       -2.0326083081147601       -5.1390749893268719        62.789239306844138       -3.6755792434305379E-003
         256  0.95751365231689733        3.1510521463777650        4.9258758304840455       -49.860868182666763        1.1085457509890095E-002
         256 -0.38920860557252829       0.50922564155396799       0.83761382325093336       -5.9396548825534410        2.2340266325460156E-004
         256  0.83879989030956281        1.3295341373937504        3.9833006758133251       -46.332439223867368        2.1762703035616004E-003
         256 -0.31513803577526067       0.50322393032601553        2.7002396766364143       -31.382060566914333        2.9343834484288900E-003
         256  0.15503220496793224        6.6234615371854488E-002 -0.72162181863890851        9.7069114872492719        5.0577469447643519E-004
         256 -0.14869729550602173      -0.43395204446309776      -0.82291569988865376        3.6622307043062392       -3.5396833158518604E-004
         256 -0.27364850631620030      -0.54445905820986695      -0.53171098523449700        3.0538163322908076       -7.9939993425048872E-004
         256 -0.34428308822166631      -0.53180826016085803       -2.3196817886778547        24.391213380631598        9.0339662440674928E-004
         256  -5.3137228894108546E-002  -1.7681122199493586       -2.8973188460355459        24.252637240125750       -5.2602823081937533E-004
         256 -0.55144329248981216       -1.3503337757212535       0.56148975675620250       -5.8033877149969157        2.0088636798210047E-003
         256  -3.7688693334394507E-002 -0.39225835886739446        1.7879832789105023       -15.100726243661484       -3.4663879706582357E-003
         256 -0.33047890608115288       -1.0451177627481343       -2.4980747313212532        26.004295330416880        3.9217405463363164E-003
         256  0.98818912732272035        3.8153404268755651        11.955758416334248       -135.37761954377174        6.4649841184269974E-003
         256 -0.34078715838683965      -0.73141033991183235       -1.3656003757762818        20.892261590507587       -4.7845299992932411E-004
         256 -0.31132031275841276       -2.4265282643378328       -5.5382530177827221        48.201676906262037       -5.0030884091456507E-003
         256  0.44004203189480490        3.4226289050930063        3.6381474893030372       -32.216047569558214        2.7068141740723695E-003
         256  -1.3376315669546430       -2.3837556194202705      -0.15940983348664872       -3.0449796554448767       -7.2919974824425804E-004
         256  0.39613320929805551       0.64187020318743748       0.81060882012347690       -9.5958703886381045        6.7386291178295199E-004
         256  0.12820080735908512        1.7064416025091020       0.71207892919909455       -5.8470046455840929        4.7727222962634652E-004
         256   2.1941745749803399E-002  0.89758356247273241       -1.2034457709272033        25.498700386980090       -2.4942241530934162E-004
         256 -0.93426629443586684       -1.8811952490772228       -3.9858197086551144        37.720034862327338       -1.4013866642541561E-003
         256  0.27181385557485394      -0.48122934454949018       0.80184682749285230        2.3037292065164365        1.8900016644860518E-003
         256   4.7984157755291412E-003  -1.9621711461842040       -2.8892091180324542        36.050550313990243       -1.8088031266517701E-003
         256 -0.18207792922592886       0.57693573379847862       -1.9213247808309859        30.238061577113513       -8.9808282877179568E-004
         256  0.35762717196492549        2.9354383102901522        4.3487474012941902       -37.440417159265053        3.0867963308118807E-003
         256 -0.39271423112727677       -3.1296105272537886       -4.1499808406680501        48.567902674090874       -2.7980989795908240E-003
         256  0.85473113755306240       0.99264797092519075        5.9766668962165426       -64.005123961466779        2.5722188718971806E-003
         256  0.18714067251700550      -0.81213807637482205       -1.4784866634152678        8.8467111678810397       -9.7305614537213092E-004
         256 -0.92208165064105430      -0.76274601601753034       -1.9395519441127647        18.097093386857523       -8.4764753908339596E-004
         256  0.60497065133080763        3.7750143222203860      -0.39892126985475329        13.361271183301142       -6.3621721498396955E-004
         256   1.3719268403257212E-003  0.56179523711421098       -1.0045907019192839        12.737071636407563       -3.9268218757593232E-004
         256   5.7376904614067081E-002  0.53546593226207051        5.7856565358282239       -56.273393172422402        6.3864019779228398E-003
         256  0.33891473208165962       0.23791322787261038       -1.1036585552180611        20.377975629732646       -7.6517932743769279E-004
         256 -0.38526581697647949        1.3549490242205877        1.2752589431679553       -12.793333970247659        1.0526247855491278E-003
         256  0.61601549282519918        1.7997742812499382        1.5716807633181418      -0.58332317298390990        2.1929611141165983E-003
         256  0.62131428343796424       0.68916638506200911      -0.20138792601608202        5.2741473780215529        1.5886727710578974E-005
         256 -0.29566163927848577        1.3509865461109882        4.8081124781248263E-002  -1.5669402543835531        1.2388117815685940E-003
         256  0.10050390461857969        1.8237622443735972        2.8568464075223119       -23.175010433009447        3.4592941292181933E-003
         256  -8.1083948939320777E-002  0.53633988931278509      -0.76354866060060544        18.293787671236714       -1.5308314898323516E-003
         256  0.39619796131190577       0.24013318667735462       -2.3893328275899819        26.596892158771880       -2.5209110107358157E-003
         256   8.3523988348701339E-002 -0.44449887183444048        1.7813346978516051       -17.126208025455526        1.0625009775354632E-003
         256   1.4217652556577778        4.0568519840866770        4.7593020442749321       -48.432196565381673        2.7156972809404545E-003
         256 -0.37188356291311331       -1.6329348013077549       -3.9026668425288165        37.539093384047192       -1.9429644479961317E-003
         256 -0.19997856756509483       -3.1538574406147006       -2.9107491921946007        27.159634182691207       -6.4764724273688179E-003
         256  0.17900672653965211      -0.80024524724944968       -1.2454061617802950        17.805607131256238       -1.8502887964767512E-003
         256   1.0562314671767572        2.1889764878380618        3.7660545765764937       -43.954418273244755        9.8112792540649973E-004
         256 -0.26167323857248848      -0.81025529235816407       -2.1645945359744871        17.665153601531074       -3.9113493725450033E-003
         256  0.40260383823105772       0.48862561070097854        1.3161806670862859       -11.274919911363213        1.8755321245566003E-003
         256  -4.7334341786578103E-002  -2.5116176938595061       -9.5975623317229974E-002  -4.5826045850535593       -5.6923928725693962E-005
         256  -1.0961277771525721       -4.2373861552217420       -12.400444588763463        118.46924801060686       -1.7257910230970785E-002
         256  0.47640813131621473       0.48046867822759509        3.4452653030786564       -24.027010661530767       -2.9685724451052886E-003
         256 -0.35124479515509188       -2.5485828402270840        4.1752606889923243       -45.353839303314089        1.0455038120754545E-002
         256  -6.6197985150672656E-002 -0.20449516027571235      -0.45508683452993637        4.0137340721867076        2.3031277077689705E-004
         256   1.8706572879992280       0.54282713223560108       0.53202556931177014       -10.125839023155095       -2.7940133694626113E-004
         256   8.9424091633222069E-002 -0.49381270764092733      -0.29188917947394089        5.2722699888017814        4.1151063360378437E-004
         256 -0.43938283683745605       -2.0848623080733546        2.1973750060471389       -23.136496980013362        1.5216197692546896E-003
         256  0.23247641983305320        1.6815500109533161        1.6433629431537469       -15.698491287168508        1.2117469193795305E-003
         256  0.97138168783583134        1.4651647189505752       0.42192468259726468        1.2902627154753645        4.7731108375226317E-004
         256 -0.11221198884403993       0.39365291379090195       -1.7517735726556509        17.782015685683291       -1.9606055382759280E-004
         256 -0.42992577604612947      -0.34154457334076938       0.89853506972471564       -22.195649846134074       -5.0139241004799606E-003
         256   7.9075770176657512E-002   2.6406855053409402       0.87617920116278469       -2.2055169342438603        7.5007824332529172E-004
         256  0.69712384374539782       0.92057618562193966      -0.20931305082267215        4.3983237276734144        4.0085604201545166E-006
         256   4.5185016658680022E-002  -1.4573152898838657       -9.5516054081087987E-002  -5.0474796036814951       -1.1090212201237959E-003
         256 -0.55779776538101145       -1.8234412539754885E-003  -1.3909420956741485        17.554328294782863       -1.7579055387195730E-004
         256   1.3124835181230401        5.9061397086175873        6.3036708068211169       -53.746216885143440        7.8335943639744610E-003
         256 -0.16609160169021292       -2.1727354526454690       -2.4317416609112570        29.337227649683882       -7.3669398474496273E-004
         256  0.20880824094221445       0.70873061496598666       0.15920617991463359        2.3428684559166868        5.1012108822900970E-004
         256 -0.18814149663916119       0.31402841323455277      -0.66264455340585471        5.5881515146720631       -2.1258277698843475E-004
         256 -0.48357773842017993      -0.56854143027425152      -0.96105351316961674        4.9412884272214797        1.5900372752780667E-003
         256  -8.6588791155393086E-003  0.36741801787943018       0.91416092951649830       -14.133336710460753        2.4851691661087472E-004
         256 -0.74146911640869240      -0.47060968742391651      -0.76921269127828396        1.6816713938769681        3.9316424215618540E-005
         256  -1.0381829899249646       -3.9568540341349205      -0.10059120899137497       -7.2110412046931742       -5.6938548413598689E-004
         256  0.88825309619516768        1.8879009812626748       -6.9161624649602800        75.961525370119944       -5.0190903821452082E-003
         256   1.0754648815173904        1.5101330460881002       0.68080394455526516       -2.5980369407461694        3.4642286032166014E-003
         256 -0.21937195424367051      -0.22763074553506613       -2.7104103855317021        17.835149037488463       -2.9454851917454228E-004
         256  0.43921600988722875        4.8931641440681517        4.0110720772341324       -25.695669805987109        8.1687605913122185E-003
         256  0.23630897368123882      -0.15016416362249174        1.7112871413886808       -24.341397828741265        1.9431718895160932E-003
         256   1.4693449116275181E-002   1.3970796883416483        4.1810629613331116       -38.615355307621030        5.2010850838268841E-003
         256  0.37033917461574972      -0.81056549316321025      -0.32914513909625498      -0.29503603177090554       -1.3041196404252053E-003
         256  0.30006561945567212       -1.9138040971824921E-002 -0.48754091940773492        5.2522013454145053       -1.4573089467830869E-003
         256 -0.39603157183073701       -3.3243518952596958      -0.80694979932314936        6.3092793722462375       -3.6121363826202568E-004
         256  0.33565646234723651        1.5554142714290720       0.80463880332561644       -7.6872291118102112       -1.0764107546330504E-003
         256 -0.29146878620166683        1.4890555757352217        3.6064154642340043       -40.518801395313858        3.3118328429906363E-003
         256  0.81615076323482505       -4.4223845205522139E-002  0.51366606492567257       -16.294681050066174        4.1388336946601711E-004
         256  0.12917468024884868      -0.17019234603486666       -1.5169168342370654        16.047000542932437       -6.1062354122587426E-004
         256  0.13325590961482925        1.7877762535906072       0.84525487829861845       -1.5545861701493777        7.8244307171404515E-005
         256  0.26248496827607071       0.50302432285147347        2.3267031164649836       -24.959873496429282        2.0983664639007138E-004
         256  0.94857419434824475        2.4670593712641846        4.0957931432997867       -42.544272387514866        2.4322676272388044E-003
         256 -0.48207258984974877      -0.29463411942376183       -2.3716417722212668        31.325873760228205       -2.5266706410032036E-004
         256  0.67100220217812601      -0.75533626287452194      -0.52430140067886555        7.1038735700476536       -1.4149434614956213E-003
         256  -1.0637769185913784       -2.0007897977125708       -6.9979413438251186        66.814270083129486       -5.0847268547113966E-003
         256  0.88788359981625375       0.24534725760034348        1.2504186021799910       -3.0090772840076170        1.1705955926013312E-002
         256 -0.56855759004068862       -1.8057193471134667       -9.1523432545431547        87.493447997158000       -1.4626501378695922E-002
         256  0.28680023427895585        1.0656341742536597        6.5601251077031861       -72.578750524979114        1.0483777003082784E-002
         256   6.6755819105593917E-002  0.28534158226409545        1.3267475563575886       -16.631057408255401        1.0547406890533129E-003
         256 -0.27318425096992655      -0.62272137262237948       -4.8764524128714015        54.768832951232980       -3.8867738085960335E-003
         256  0.12195067532600684      -0.33865296235813958      -0.30560072940633631       0.84456619879347272       -1.0052978259385004E-003
         256  0.20034217079127009      -0.19618177870063391       -4.8367102949491425        65.210936530816980       -3.2508200114150787E-003
         256 -0.22538787692126988       -1.5338674537711370        5.0671018276491111       -80.100208326575739        1.2990811163945404E-003
         256 -0.20664416747460160      -0.13121494053197580      -0.47905001530671143        7.8280764616883971       -1.3064759126748537E-003
         256  0.26488417511170742       0.23993897399944331      -0.70226090513216377        7.1165729212661972       -1.1954762602208735E-003
         256   1.2795897686403555       0.96087261889584852        1.8723182798438529       -23.946606612865253        2.2146476433088091E-003
         256 -0.49655466428121819       -2.2799678248503881       -6.9494407736075061        87.332138183740426       -6.0263374998272834E-003
         256  -1.6823035255642167       -3.2579581333878593       -5.7052460808408227        72.013958478349196       -5.4911818421271574E-003
         256  0.55289275771489743       -5.2596569543283067E-002 -0.32050183199106641        2.2954481937213131       -7.3745789637480463E-005
         256   1.3877695416195137        1.0379022222830940        1.2045515356447254       -8.2257538937510617       -1.3585430756539729E-003
         256 -0.23366181500648253       0.31197029832807743        1.1003394066041210       -15.431928991901259        1.1192681726679421E-003
         256  0.27600951432395537      -0.38842265847810609       -1.9639429996956039        21.033481181351817       -6.1025047576205305E-003
         256  0.52193309028204771       0.75219109645126991        2.2792430676433924       -28.483770826076579        4.7750324703976776E-003
         256 -0.41236969353605485       -9.0818703520824329E-002 -0.82246270556086643        9.9718769227197299        1.9382940503298585E-005
         256   1.7324258333266207       0.71510996195658549        1.8013187103667292       -17.747898991925467        2.4495616645630047E-003
         256 -0.13408637462540920      -0.41902733964317918       -3.3901392482751476        32.848333916569572       -9.7650626004941454E-004
         256 -0.15539443410240519        8.8037685868727067E-002  0.34243842370398170       -4.3142620069056647        1.4398397366197635E-003
         256 -0.96238655592024036      -0.35894548980436980      -0.90967819070877454        3.8335316810425866       -9.6778449658574406E-004
         256   1.3004231491884073      -0.44628454951214280       -1.9594138993546437        19.194028171037644       -7.3176148638032235E-004
         256 -0.64113224944821512      -0.35463504731342255       -2.0072192151592105        22.516721166341085       -6.7795840007800479E-004
         256   1.3096992977425805       0.24153313639749285       -2.1306076545101007        21.673438929140957       -8.3471174931348813E-005
         256   1.4769970581081142        1.4312422378706628        6.4186278534210714       -70.445906895861754        1.3259606641591759E-002
         256  -1.0709441658268242       -1.2779733687994508       -8.0726701336378994        89.881033922172719       -1.0013406319900220E-002
         256  0.35512545324991662       -4.9769696119966511E-002   1.2944138428791803       -13.083671134170800        1.5572279293458724E-003
         256  0.85362040280012874      -0.21926071859562057       -2.0456478686944592        24.024189182902774       -1.4740076598720453E-003
         256  -1.6692567564740197      -0.86400904577416782       -2.4416148130559918        25.815606924205895       -7.4759632078357230E-003
         256  0.63266198146189845      -0.21601035363846677        6.2561938992615751E-002  -1.1825502063734348        6.0686786189689812E-004
         256  0.90906180105349488       0.75963321837392073        9.8312204137718879       -119.08062952075579        8.3312149603529395E-003
         256  -7.3800015035976246E-002 -0.58777657758503210       -4.9547127042351633        57.125598403216827       -6.3828333252342606E-003
         256   6.4022075400229500E-003 -0.20737867906342444       0.33152795332367191       -4.4191368529914143       -7.2991097631280866E-004
         256 -0.26610399677457175       0.73162613177623825        3.2486831293171576       -25.577842053240147        2.4694707821283357E-003
         256  0.97480388884883129       0.45619209348529921        2.8024144270200395       -37.676601354823561        4.1389357690586603E-003
         256   6.9375699477712161E-002  0.33948645843429404        2.1614798838695606       -31.478557293866743        2.9424855215106627E-003
         256   1.1244934663804362        1.2818522275616147        2.3806868230864779       -27.601527367764447        7.9628712607030527E-003
         256  -1.4011965848486216      -0.83230382610076958       -1.5486867914697768        24.150087551377510       -5.6564844161650640E-003
         256  0.75807273362428185        1.9470468338898286        6.4632359092975946       -88.506563826420006        2.4212520873993837E-002
         256 -0.45390840189551174      -0.94504968044051907       -6.2474448878588191        88.538296020076359       -7.7287198339891505E-003
         256 -0.39945768637824269       0.15203076324931430        1.7904240872014441       -22.825190241671407        7.8489812564030981E-004
         256 -0.21921998235201556       0.14771762336013694        1.3969608342288780       -16.609030453700143        1.7078120336301295E-003
         256  -9.3143858384169415E-003   7.5915577887400332E-002  0.41667638843324539       -6.3882268258284967       -3.3929793558107324E-004
         256  -9.5108862141207298E-002   8.0282665742714698E-002  0.32541581735259228       -4.7694317864334153        6.7607562132965260E-004
         256  0.34098787217757409       0.22154811235802185        1.3887679926404815       -21.813336794814859        2.5415978693651420E-003
         256  0.12901553819404687      -0.50762068956268536       -7.7203416990471396E-002  -1.2229842069600636        1.1486860143838928E-004
         256 -0.33503890417799526       0.45969061908647291       -1.2591118111558330E-002   2.1484345913195284       -1.4536711469226304E-005
         256  -2.5125875349905957E-002   8.7161031419668689E-002  -1.1351820376806643        12.481433804274275       -1.7581268096736880E-003
         256 -0.63202428778498243      -0.63111837354492195       -4.0593883814300113        55.083533016645106       -1.1011565523372013E-002
         256  0.25690567012898768       0.47592086468583261        1.4357060948901079       -17.987508883331429        3.6080369430583348E-003
         256  0.62467296554691376      -0.10274390142592438       -5.8329383877747887E-002   1.4726607888387662       -4.9491068572815600E-004
         256  0.31950938631970982       0.12403716364320871      -0.44910198204144081        3.0754332823053119        1.3851956889820993E-004
         256 -0.12777174238300582        4.3536008637659052E-003 -0.36954929971493300        9.3922545802106470       -6.7818889065585086E-004
         256  0.36329114071884405      -0.11409455349209452       0.20429791302467493       0.44921392407104577       -6.1617441288364105E-004
         256 -0.96300978807809301       -2.8781752416797417       -3.8993262833158440        40.625024940552976       -3.5714422832942017E-003
         256 -0.52177834705246040       -1.8747619541204870       -1.9152328753471579        13.610758947298564       -6.1787740898127108E-003
         256  0.58010031512995486        1.3021960055756381        5.1495970343512738       -64.971143216326709        2.0168373367236425E-003
         256   1.0751624250722871        4.6144878330150050        4.3025067450937229       -55.784969866595020        3.6957524373434358E-003
         256  0.53592796582835911        2.6505741675259458       0.21243242337467905        4.7059997678979926        7.3014080834610251E-004
         256   5.5531060228361545E-002 -0.39052662915577230       0.50179801814718417       -5.4271653890509697        1.4322361817307172E-003
         256   1.3337804699182438       0.47990222458358289       0.22784080542808738       -9.6472342471570300        5.7486984279842002E-004
         256  0.66431314450422718       0.84862848064076957        1.8842041968860883       -29.459851376615006        5.2080794850462020E-004
         256 -0.87806631185804140       0.58779276197486752        2.0356651347435388       -36.512247797415512        2.0221076684209249E-003
         256  -1.1116201035317885       -6.1528599419550005       -1.8582302742605634        23.449950847410037       -1.9693793267558934E-003
         256   1.5025515590254213       0.96700110784411208       -4.9867427918169369        58.439193614027772       -1.4542905080308088E-002
         256 -0.68118332932189685       0.15364920223217382        3.6688932781169683       -47.064184041170847        3.3692789975111603E-003
         256 -0.78647368325057387      -0.63240772993458449      -0.65831657782601383        9.6409331247168666       -1.9129084766518201E-003
         256  0.95741159262994135       0.61857277402978639        2.2029367041766363       -25.303230721433465        1.0628487548900445E-002
         256 -0.73302516661342487      -0.39771249823948551       0.32207036910517672       -8.2316396168516803        1.3476896036178632E-003
         256  0.41773613369013418       0.13512077327720817       0.52068014345485381       -4.7715087831265919        7.1973251239743075E-004
         256  0.12677293533637424       -1.8516263688611048       0.21497016941719949        3.4192976181866470        1.0872615924909512E-003
         256  0.15407556798350536      -0.32322923885186583       0.45803812545003098       -7.5594641437101018        2.9044776252340476E-004
         256 -0.92923687130517563       -1.3278185920719068       -1.6287432129296775        12.156537573270725       -5.3637113329841890E-003
         256 -0.41910744750784124       -1.9228619606898860       -3.3332109942292618        31.316913003059199       -6.8683347270322992E-003
         256  0.96855118997389689        3.6492858898401437        8.4692593340708697       -82.002899142744354        1.2876130906237404E-002
         256  -1.1657023856875117       -2.6471376820857984       -2.5540293931664451        31.903748188637110       -9.7504916447109791E-003
         256 -0.13081735591272797       0.57912602122186740        8.9278994851056837E-002   3.6156520303793513        8.1423760055987504E-004
         256   1.0379840156100921       0.29755809918606246       0.29776984495296688       -9.0402872598197064        1.3786346100480573E-003
         256 -0.42763978237380851      -0.12434736444819805        3.3366648441727875E-002   2.3480960138313094        4.1749680318126092E-004
         256  0.23849375168014014      -0.40070121556107097       -1.0009382560272826        10.140507475136474       -5.7443388633415804E-004
         256   8.2679224977318944E-002   1.3726898128705329        1.1003099038101709       -1.6115444327506339       -2.1281919446669573E-004
         256 -0.49467780990218690        1.1322895837610361       0.11240227323071394        4.5858522526132219       -4.2943041991935216E-003
         256  0.54045149359143752       0.85266648590294380      -0.49461299200044095       -23.938190730154020        3.4845861895917984E-003
         256  -1.1276060934687462       -2.8511500080649341       -8.9192543235384676        83.057112532575047       -1.1360814066468605E-002
         256  0.24113677426321628      -0.64169756969596392      -0.42425877506775578        13.438352037255754        1.2699596197071061E-003
         256  0.58673050369157043        1.2895991554927377        1.8568116113397082       -18.810253129839111       -1.7303355728920389E-003
         256  -6.5896371279182353E-002   2.2046025162171929        4.0957039605683292       -48.889011757874414        3.5228561865841002E-003
         256  -9.8718922503425399E-002 -0.69032896373133212       -1.5781560365359439        23.987283379298333        1.7491600676544650E-005
         256 -0.39338198638602739      -0.83891514934558131       0.73729336561441983       -5.8485691366004176       -3.4276648950448685E-004
         256 -0.30864895824264493       0.51759297109512659       0.23158057959011558        9.2130825952190207       -2.7442465024506424E-003
         256 -0.29549336877811727       0.45851725082394523        5.7270317868358234E-002   1.8005295527759699        2.9998282845433710E-004
         256   1.2395416447180978       -3.6774629125309559       -6.9104385857577313        59.368371802842830       -4.9478009635226528E-003
         256   1.6886008140967754        3.4539052384359934        8.0959869503458606       -74.008921895722779        6.3736295071907811E-003
         256  0.83326941942426591        2.3640349404146264        3.6005047901988121       -32.705274700081645        1.1126234585823180E-003
         256  -1.0139829673305234       0.34690969856879406        5.0054271641101877E-002   2.6723664484302390        4.1823569011922856E-004
         256 -0.18305284727984777       -1.9099630019968004       -4.4644339255482066        44.203059054173991       -3.4579671620346142E-003
         256   2.3504197748094979E-002  0.36870737426906430        3.0171214315151360       -34.998030890293649        3.0598104939637549E-003
         256  0.64451026358587504        3.0911105612508152        5.6102563566039407       -51.598386511044282        2.5969689501408322E-003
         256 -0.79268890234591138       -1.8682558294095770       -6.4969168046417849        57.784481097512071       -5.1782678337142229E-003
         256  0.15315550192037097        1.6855124890629440        2.7683270674688174       -20.518477712627828        3.0829438454401670E-003
         256   7.3532240400071558E-003  0.11734761584756370       0.40928534849101084       -2.9935402697738027        4.9100090698428467E-004
         256 -0.41323658819899645       -1.1090514973660675       -3.7997069806511377        26.423287603882272       -4.8810001842661821E-003
         256  0.17558679301629770       0.49560378011523198        1.5602107513770136       -14.633348039406883        2.5892975651673478E-003
         256   9.7677127914479911E-002  0.16192212283269214      -0.25911427278536792        4.2757593435035233        2.0977606029537466E-004
         256  -9.2037581273349850E-002 -0.76145665962786779       -3.9413468598685881        36.780401557682126       -4.5774717521809283E-003
         256 -0.61072330668488495       0.78923716476799655       0.58599831775265443       -3.5080366276142740        1.7506220364604808E-004
         256  0.61234705419659008       0.38381280477537416        1.7860698119880993       -14.308295359300246        2.7162623121282925E-003
         256  0.12034936240793165       0.49450324160690684        3.8879830490949985       -28.747689671006810        6.1278639895339104E-003
         256 -0.20801590709792650      -0.31636705756471883       -1.8566573538741267        15.310114484461337       -3.8971662994763401E-003
         256  -4.7628931356741788E-002  0.13860581188686183       0.14425972732090031        1.6708116683021217        2.2976683737985226E-004
         256 -0.12062817521702784      -0.27790755253633392       0.19961185781988888       -1.1768640907457666        9.3395967502218902E-004
         256  0.41366066343221508       0.40508988260282308       -2.6537844086833502        16.679939660332820       -3.9384293812577686E-003
         256 -0.11288290640393488       -1.0791670215483578        4.0213525365228975       -38.087199324764697       -2.7854628275717497E-003
         256 -0.16250944956607666       -4.6106629222208539E-002   2.4639467422080088       -29.079318608178255       -1.3888328302985586E-003
         256 -0.87166509662754632      -0.48497063599810986       -7.2281393381967121        73.012308749289332       -1.1141589209572755E-002
         256  0.47070023807220585       0.82896174960123403        6.0286722297689437       -57.053701948802882        1.3558960560041022E-002
         256  0.26764969476261508      -0.29166158649204021        2.0913441561995398       -19.410429647430647        3.7072440390077954E-003
         256 -0.17208328819352225      -0.28258214379835067       -1.8220568142954221        23.811073137645508       -4.1832400093778643E-003
         256 -0.18058226550483761      -0.14589687950447683       -1.9890792115601243        25.308010511229440       -3.6545051606304835E-003
         256  -6.7262451636610154E-002  0.16004473361257965       -2.2845100750081428        35.548359487214839        6.1440312572049738E-003
         256  0.17228937713514569       0.73116217926784088        3.4538175729910847       -39.500317743425967        1.9367300071391202E-003
         256  0.10597924000260714       0.30673734561693777       0.73094739892781035       -4.7123656278990893        4.4850305425070403E-004
         256  0.31584422546262181        9.8152929511343245E-002   5.0864671244283954E-002  -2.5642816983599914        6.6661101966103420E-004
         256 -0.62233082839956855      -0.11383290585655459       -1.7542868735260413        22.893909160880412        4.3618036941528437E-005
         256   1.0600551296708338        2.8850886735347103        7.6660602670904154       -87.079505253319894        7.6987053509488534E-003
         256  -1.4029927554040902       -2.6523976087799497       -6.1181767945532215        76.883776640090673       -5.0338589012811630E-003
         256  0.57241551851941030      -0.47827029860926018      -0.81502985594485722        11.696059313878777       -4.9828506778715198E-004
         256 -0.14012175961227380      -0.30477094225284418       -3.1136157982438704        44.198953613955382       -1.9909828793401863E-003
         256   1.5191852992488417        1.0408639656216963       -4.6522972650519421        63.120895217999532       -5.9814346425490772E-004
         256 -0.27802697317492064        1.2528740775742335      -0.48062175558132481        7.5429236973045590        3.3345664579509382E-004
         256  0.42455585138429919        1.6815392213601399        5.2569035850095531       -68.994658054765296        4.5914546277190382E-003
         256 -0.71300986098420160       -2.7660470915517976       -3.9791537630946436        46.483774058355721       -2.2230493541418594E-003
         256  0.34148916646191779       0.46942283216984038        1.8450357818657892       -17.544331736666209        2.3578909519628155E-003
         256 -0.45421371000297084       -2.0771855124981755        6.0480896200516554E-002  -1.3096516144905763       -4.3215732101786752E-004
         256  0.55802835857727506        4.3330601756910312        9.9580976006551793       -97.778061279325811        7.8004050378611689E-003
         256  -6.1948037834195883E-004 -0.44413742046160110       -7.4125911431945894        77.949675159378330       -1.0221877803525126E-002
