 index  w  T  q  CO2  CH4
           1   3.9151603431677842       -35.417688072441251        37.989045599732208       -941.89686554432410        3.6425821011841109E-002
           2   1.7923229719484062       -11.307739257812045        12.324463255703449        264.44224500656128       0.10563322785310270     
           2   3.2731124083748662       0.35427045822143555        6.9600175917148590       -979.21711206436157        4.7167783486665726E-003
           4 -0.95330126417671779       -14.850032068271048        15.560682398429890        406.11138262035820        8.5496947729198247E-002
           4   2.4270834345930368       -15.738434361264126        25.607297115892152       -318.36294079491199       -3.8892765246805627E-002
           4   1.5393655422920860        9.8141765654090705        38.051477320767958       -456.29820846026632        5.7102600987838592E-002
           4   3.8172460859395838       -3.5649068875968624        3.3049954703923277       -241.26965722849855        2.5949773798398468E-002
           8  0.19955051930935463       -4.0898818969727699        5.4865214079620728        91.077412605282007        5.5401333374911488E-003
           8   1.4919403722895461        3.0312929153442383        47.393680691718998       -278.70794868469238        9.0898368856868750E-002
           8 -0.84582061879268489       -5.0558056831357590        43.277428671717587       -444.23312282561892        9.3126485589891672E-003
           8   2.5873871526667327        2.0667519569398110        26.476282730698529       -321.56959438323975        2.7941093081608415E-002
           8   1.5525836614971225       -11.225478649139518       -17.850911378860360        188.46560382843018       -1.9139254582114074E-002
           8  -2.0662961223071346       -3.8766384124754723       -36.766758710145893        223.16028594970703       -6.0746963834390044E-002
           8   1.7378824091183542       -1.9846887588502113        11.488666355609837       -261.90519809722537        2.5118256453424692E-003
           8  -1.4346325777929092       -4.2446351051330566       -3.5290948450565907        66.568043708804908        5.2528944797858301E-004
          16  0.47167601513252133      -0.77600507738429769        6.5066567727453162       -7.1014647933643573        9.4727085162578106E-003
          16   1.8145616835360032       -3.1165470272640050        2.4242923529509994       -18.253314558371130        8.5078105848857000E-003
          16  -1.7408600657231339       0.74994011756598411       0.85110962346584529        127.06180761282121        2.8772190027854361E-002
          16   2.5989538009956901       -3.1642720954690731       -17.364889211054106        177.12160082826631       -1.0610416758328967E-002
          16   1.4691094595393732        11.745596359395108       -1.5253396501043994       -63.934429197999634        2.5499368044427762E-002
          16  -5.2188304911880312       -6.2445809252087656       -16.840367003035851        239.98238862513790       -2.5429612375964084E-002
          16   2.4027540826952869        4.4750741503358995        28.743057669133862       -346.61180194613371        5.7518557537734161E-002
          16  -1.9668698363567683      -0.46948015188388581        1.3515482371611256        6.1411694177040772       -6.7837374409920326E-003
          16  -1.0408924080677862       -6.7327041454755090       -10.220524299632075        57.310259593756200       -1.7451612207643130E-002
          16   1.7021383178455043        3.9221142413687176       -1.2354288436994807       -93.265887112705968       -7.2840951129822251E-003
          16 -0.36642562258872047        5.2319600685364094        17.695821313306908       -231.93629899157168        2.9946899580924669E-002
          16  -3.2295493938165638       -3.0867272890058075       -31.774831663268117        239.46432226064098       -4.0610171450736754E-002
          16   2.2640110636987094       -1.7087161836293490        14.932478574289860       -77.390462681139979        2.6691798371667463E-003
          16  0.35410588021898953       -2.5697122354973772      -0.65517244400047048       -41.529775490318571        5.4463759555294367E-003
          16  0.40876040202885067       0.59275395180679880       -15.810198327059425        126.31484137688676       -8.3964597635730609E-003
          16  -1.2719589529283550       -6.9063323026010721       -7.6116537643580386        88.850386352629357       -2.2339023322694995E-003
          32  -2.0042630629550318       -2.8627758026123047       -7.7832689285278320        121.08192825317201       -9.6996566280720398E-003
          32  -2.6380849406209537       -2.1307163238525959       -16.290195882320347        175.59822463989258       -1.3678130460903049E-002
          32 -0.21842346073412944       -1.1668424606323242       -4.4827951192854698        57.828763961791992       -8.4068679716435835E-003
          32   1.5475768963387944      -0.22513294219976387        2.7002523243427277       -49.878433227537244        8.1097420770672723E-003
          32  -3.0632518045700836       -2.1350269317627522       -2.5422179102897076        81.052261352539062       -2.6725174393507078E-003
          32 -0.79625747829413607        1.3978023529052166        3.5747564435005188        14.179309844970703        6.8351249210538700E-003
          32  0.34815391977804167      -0.69120407104497872        7.0289755463600727       -23.677875518798828       -3.0657576862722635E-003
          32  0.79848699611466034      -0.50294685363763847       -6.8731694221496298        54.473526000976562        5.2828176412729189E-003
          32 -0.39235240863354137       -2.3414220809936523       -23.683887332677841        209.72630500793457       -2.0723169203847647E-002
          32  0.49295361893246026      -0.84934043884277344        18.900331556796971       -201.37922286987123        3.7992775905877352E-003
          32 -0.66218707338111893       -3.1907987594604492       -12.075266063213320        145.26517677306947       -1.3638352043926716E-002
          32  0.48781449993475645        1.3460168838500977        2.1088433861732483       -33.111352920532227       -1.5679417876526713E-002
          32  -2.5439901295666210       -3.0611934661864666       -16.426210820674896        246.12105178833190       -1.1528066359460132E-002
          32   2.5232649257486606        2.9223670959473225        21.092718690633745       -257.65675163269043        2.6253187097609043E-002
          32  -2.5963507719357022       -4.2891197204590412       -13.751951575279236        134.79438781738463       -3.1522030709311366E-002
          32   2.0086550358782893      -0.92846584320074044        4.2264298200607584       -27.637439727783203        2.7269574347881242E-003
          32 -0.69311257349340782       -7.1773529052734375E-003  -13.403496205806704        97.494964599609375       -1.4768363209441526E-002
          32   1.2089651843157290        2.5461359024046146        12.708032339811382       -113.92361068725768        2.1961590973660572E-002
          32  0.74826766596788663       -2.4772033691406250       -12.866780996322632        125.09514236450195       -1.9243022892624362E-002
          32   1.6390554348663484        3.6103839874267010        4.9474171102046967       -49.506029129028320        3.7646100390704706E-003
          32   1.1105114229450792        5.1784677505493732        22.074441492557526       -243.43872451782227        3.5172966774553061E-002
          32   1.6693759412878522       -1.1501264572144692       -9.4351192414761158        44.958456039428711       -1.8136478029191272E-002
          32   1.5468623669546546      -0.15895175933837891        3.6237968206405640       -59.138624191282361       -5.6188062299045161E-003
          32  -1.4409935953644881        1.2032194137572105       -5.4825054705142975       -67.236701965332031        9.7925339359785646E-003
          32 -0.36520852126659475      -0.35336875915521659        3.4508002698421478       -52.378129959106445        5.4172542877473084E-004
          32   1.1416312403985092        4.3328313827514648        20.537205755710573       -234.88911056518555        3.1646498013288005E-002
          32   1.0028364499357840       0.26378726959239884       -2.1078352928161053       -7.3558464050292969       -2.3089968599379063E-003
          32  -1.9062575214848017       -2.2718639373778160       -12.164085477590561        131.62587356567201       -1.6486017731949465E-002
          32 -0.10259737183696416       -2.2298784255980877       -3.5865592956542685        88.041683197021484       -6.5437518059985322E-005
          32   1.3671725614476591       0.49784278869617538      -0.10877367854118347       -22.972801208496094        5.7166332844642564E-003
          32   1.9581698134065826        1.1531953811644939        9.6067362129687979       -95.405635833742053        5.6403486523779467E-003
          32  -3.9287545037319624       -6.6021223068237305       -17.405939817428504        207.35283851623353       -7.8236353583636120E-003
          64  -1.8729126527561926       -3.8874189556745478       -11.866247655963235        154.72329005270240       -1.4823964961597769E-002
          64  -2.4040234970516439E-002   3.5664258600172616        11.701714114396793       -129.01671736276967        1.1570567406978594E-002
          64  0.88005651428753906       0.60526650819269889        6.8933117923968439       -45.590943311695810        7.5960438597826307E-003
          64 -0.91415321582576992      -0.14307540087776260       -4.9031100416735001        48.686806688760043       -3.2433369701712067E-003
          64   1.2323362297886837      -0.18732217396888018      -0.48263675426187547       -2.6920898248336016       -2.1191356405936279E-003
          64 -0.36069561422555763      -0.20803144945318763       -1.2878850010169458        12.501855806839558        5.2163145841177538E-004
          64  -1.9340276343898166       -3.2948018968317001       -9.1425106476666258        107.37437943608165       -3.8870559949175654E-003
          64   3.7018251436953040        2.7075068048441153        12.265223632427336       -132.21473121363215        1.5270671835702743E-002
          64  -1.8408837758009773       -3.7575635038881501       -9.9528498965470362        126.69971965399145       -1.9592632270053700E-002
          64 -0.82570516848298103        3.2237672611767607        8.7775472622445250       -59.161052466542969        2.1382094273778574E-002
          64  -1.0983394397268136       -1.1304526555156258       -9.6175586089730132        133.42357835607709       -8.6078388858370491E-003
          64 -0.49496729254715421        1.8656447478506379        7.3689133104115001       -21.897590030862375        2.2121354606471133E-002
          64   1.7225098289379581        1.5361561962326391        16.753390701253153       -160.17098803764929        2.6764104253733656E-002
          64   7.9183753906204801E-002   1.7754612816304984        7.0448678556913649       -95.601152951502627        9.3510840713473264E-003
          64  0.50480190462479801      -0.75132253419718609       -10.058797000606660        56.406981823463866       -1.0887367980433660E-002
          64  -1.6997981377081866       0.90665221557316045      -0.13210242672104755        24.509631863606046        8.9040146684905563E-003
          64  -1.2908130140472553       -2.1828385579958081       -9.7813145411844005        85.738056707614305       -1.5692069856549473E-002
          64  0.70255710464299392        3.2152286468431726       -10.106190583848104        96.823740640911637        2.6776103593213474E-003
          64  -1.2309468279839780E-002   1.1907637842103327        15.463420695640423       -139.27497166870126        9.6524488554516896E-003
          64 -0.15920603571331646       -1.9728986992420232        8.5904011778087579       -100.46803094909137       -3.6682223134595349E-003
          64  0.28094315542553139      -0.78679332190387186       -2.3202319736383004        43.938606124380385       -1.8272650926609568E-003
          64  -7.6006932898005919E-002   2.2976695012250730        10.266997332481765       -75.887381982918669        1.3479732716646819E-002
          64  -2.2543034353018254       -6.3410371911864445       -10.480992645292957        107.32386795542880       -1.8003007572909735E-002
          64   2.3849271170562409       -1.1763057292971553       -2.4704992284522973        35.760167294294661       -2.7900232482894749E-003
          64   1.7948436229174751        3.5029844005899804        17.207941301429514       -165.42946083412244        1.7694077429497912E-002
          64 -0.16227889629632464       -2.6534927524916156       -8.7647793802503031        122.98237570752462       -1.0501556387709332E-002
          64 -0.98912305517666610        3.9434398723656727        18.903035792207675       -226.92774419412672        2.8098928531843481E-002
          64  -3.0254818561554249       -1.1747978836448283       -6.9658340010700783        84.332170013807627       -9.5964653282833989E-003
          64  -3.4402027521391618       -2.0497327412521713       -7.7873125777182395        77.407268821277285       -1.2639421363382364E-002
          64   1.8341170165559224        3.4618935835154616        9.8533455283382523       -109.22716568621399        2.2340272910897907E-003
          64   1.4140765798637984        4.0445464530206436        13.171099123729277       -144.39273198521278        1.7569917752868647E-002
          64   1.2146786711374518        1.3245237200428051        5.0705524744304000       -30.465255344122852        6.4078902852183761E-003
          64 -0.57851117084649584        3.3441238248330478        5.6132522388897996       -56.141851846697136        1.1820936150745975E-002
          64  -1.0764636996435188      -0.28575428420475646        2.2267095497855109       -79.270364527729726       -2.2259825113802867E-003
          64  -1.2073202536199492       -1.4586558968412646        1.5415559240234131       -6.8718541574698975        2.1482663569041272E-003
          64  -1.7001000310353538       -6.0978532470264213       -14.158185733699753        200.15415626200684       -1.2381302209300560E-002
          64  0.55866943124348900       -2.7128139360085015       -12.880241319785199        152.08259915256622       -1.5356570405690384E-002
          64  0.41904001959549231       -3.4634378440447335        4.9107499587561847       -57.994362962202104        3.5108706765389908E-003
          64 -0.13474710921318855        1.3512387528525664        6.3716011163490975       -94.964701821509152       -8.5582317158674481E-003
          64 -0.33787278588599290       0.48119023227411617        4.4580616592282354       -56.694864354930360        8.9265355735745899E-003
          64   1.4716859793922219        1.4219186806305402       -4.8629075115780438        100.52149608088894        1.0249739175296591E-002
          64  -2.2675457718743153       0.33470127384174475       -5.4584703822507379        61.208906469875728       -1.7632492981288772E-003
          64  0.53842075220000785       0.12635018268952081       -4.1667062274437683        32.816663763072938       -5.5716339197616760E-003
          64 -0.17781086412346625        1.2413588842114223        5.0206926262015088       -80.371431726114679        6.0658149381752624E-003
          64   1.1441971444023451        2.1911209194902312        12.656331045155639       -159.08407948296644        1.4395634442715854E-002
          64  0.86383082931115152      -0.78639545565397384       -5.0511788747222681        45.908327288420878       -1.0385734872367935E-002
          64  -1.2742296053368125      -0.80069031796978152       -8.1788039060895130        69.900619736373301       -6.7515356023688522E-003
          64  0.62309635447641432       0.55023283928113642        2.9721949561981376       -55.601188027902026        4.9350291513348132E-003
          64 -0.33664752417345034        4.5733592523641278        21.935249968027847       -257.57357686775777        2.6133229151798276E-002
          64 -0.81994271204089619       -1.3494395881832020       -7.7329248092600551        113.59309905504415       -1.1985094832973275E-002
          64 -0.48799671973898917      -0.19722836924285048        1.7133391028552296       -31.878095930758718       -3.4851630745809103E-003
          64  -1.5420612895507602       -1.0393628634650440       -3.5645633907815863        63.923155421782212       -4.1123760105072904E-003
          64   1.3377075424473621       0.16701481083185854        3.4778271153012099       -68.357605404949027        5.7915173211656734E-003
          64  -1.2916538814854066      -0.62342404488083503       -3.1348352191826052        21.548546690235526       -5.3148549037534965E-003
          64 -0.23741616029926116       -2.5670613673134426       -2.5981437830063783        32.507169676388912       -6.2847826334407886E-003
          64   4.0248306689968887        6.6847639597557418        22.552926236442829       -306.37299993573924        3.4839360415263143E-002
          64  0.23152602399326061       0.53725160993974441        3.6169820163304678       -33.811380638499941        4.3744088946000570E-003
          64 -0.57902096711761464       -1.8449543541544244       -14.540512946358831        188.87022164550945       -1.2775193155320830E-002
          64 -0.99669018619032812       0.30564894540100340       -13.237386211927486        110.26692102113429       -4.4602083536391390E-003
          64  -1.0461686532361629       0.47449259228352503        9.0406546117515063       -73.385550450110713        3.8843233644818564E-003
          64   1.4178708094847519        2.5126750739948989        12.789292382502452       -121.14097517563732        1.2253933774556081E-002
          64   1.7728712775782860      -0.58308715063230920      -0.36066997025801584        5.3416120070205579        2.0771507940317013E-003
          64  -1.4068203220625612       -1.5512063300736827       -3.4605881691764182        56.597588079870548       -2.9541733694380401E-003
          64  -2.2023444038869480        3.8100036243297382       -14.298699575565536        154.83376200027215       -6.5312909893022741E-003
         128 -0.43009155627260021      -0.27187156677240409        9.0754926204681396E-002  -4.2967605590820312        2.1492550149571077E-004
         128  -1.6688613462938506       -1.5790443420410156       -7.3123027086257935        84.486503601075128       -5.5444082245231785E-003
         128  0.60380048074875903       0.72138977050778408       0.92431056499484043        39.939693450927734       -3.6369124427448885E-004
         128   1.0100960388372180       0.66159248352047939        3.1134455800056458       -40.297725677490234        5.5423974990844727E-003
         128  0.90188396160738138      -0.59019279479977627       0.72809708118438721        1.3373298645019531       -4.5193452388059274E-004
         128  0.47302546731953021       0.11618232727050781        1.8064820766448975       -9.7746276855468750        7.7843898907292708E-004
         128 -0.92052756175416939       -1.7488651275634766       -8.4016960859298422        77.431579589842841       -7.1721528656781830E-003
         128  0.50784608907633777       -2.4926891326904581       -3.8068728446960733        49.925716400146484       -4.6507013030350208E-003
         128 -0.14488645438132131       -1.5021629333496094        3.3477287292480469       -39.502704620360419        2.9106796719136074E-003
         128 -0.51816104204044633      -0.86789131164553623       -3.6635008454323099        36.839160919188544       -8.4072216413915157E-003
         128 -0.46867328718144530       -2.5993347167969034       -4.2699706554413126        83.906002044677734       -8.8463472202418014E-003
         128   1.4054980767177756        4.0752487182616903        17.100781142711597       -197.50151824951172        2.3615799378603919E-002
         128 -0.96951172403350883       -1.8944416046142578       -6.6153519153595113        70.627128601074219       -1.4733282849192508E-002
         128  -1.2652972032301466       -2.8563404083251669       -9.7504652738570883        104.19430541992188       -1.0431943926960452E-002
         128   1.3949097030672408       0.31522560119628906        9.7964979410171225       -77.180618286132812        8.5312360897660255E-003
         128 -0.52726507018087410       -1.6979026794433594       -5.8129183650016785        47.387557983397528       -5.9237116947770119E-003
         128  0.39017527826945253        1.0825290679931356        5.7346842885017395       -34.873653411865234        3.9573679678143181E-003
         128  -1.4459299837446895       -3.9088287353515909       -7.4247531294822693        72.320541381835938       -1.5859692823141924E-002
         128   1.1492304842904550        3.7442474365234659        9.5347211360931396       -95.841346740722656        1.5802453737706057E-002
         128   1.5857761752413340        2.6596393585205362        11.691401600837651       -112.82110977172852        1.7780768685042969E-002
         128   2.9084339138789783        2.3332366943359375        13.009292244911194       -125.95132446289062        1.4280866831541061E-002
         128   2.1675678879255416        3.7668190002441122        13.057314693927736       -103.54037094116211        1.7502758186310641E-002
         128  0.41938047188159533      -0.44416618347165127       -4.4469304084777548        40.029117584228516       -9.8566240631043911E-003
         128 -0.76326448952022408      -0.71751976013186436       0.82186073064804077       -25.841186523438409       -2.6230625808238983E-003
         128  0.89950118294427683       0.41785812377924003        8.6233912110328532       -107.08744430541992        1.1040602345019468E-002
         128  0.14351963144599703      -0.15866279602053623       -2.3376111984252788        16.591022491455078       -2.4170880205930390E-003
         128 -0.45185453025624112        2.9659862518311115        13.926581382751451       -143.63643646240234        2.5645488873124123E-002
         128  0.35163680984260265       0.57019424438473720        3.7722298502921916       -36.030960083008722        7.6426337473094463E-003
         128  -9.4508270442020148E-002 -0.63417816162106533       -4.1636802554130696        35.725395202636719       -6.8061910569667816E-003
         128 -0.67389578818256213       -2.7694740295410156       -15.570111155509949        168.19561386108307       -1.3872939161956199E-002
         128   2.0182753666485933        1.3123931884765625        9.4771927595138550       -111.91156005859375        1.1534151155501493E-002
         128   1.4807332468044465        3.5343666076660156      -0.87050503492358189        24.797252655029297        6.3037090003491558E-003
         128 -0.90736658891546473       -1.5459461212157919       -6.1221674084663107        52.536090850830078       -7.8706676140427589E-003
         128  -1.1822531645475454       -1.1363983154296591        2.8309725522995279       -35.455432891845703       -1.6141263768078007E-003
         128   1.2813086343376185        3.2707881927490234        9.6508158445358561       -107.22052383422852        9.1451336629689850E-003
         128  0.45143788709538019        4.4142589569091797       -2.1971039772033691        7.8476562500000000        9.9616586230696358E-003
         128  0.66593977253069125        1.1617050170897869        2.3782472610473349       -42.351737976074219        1.4551915228366852E-004
         128 -0.70954528037327635        9.2807769775362203E-002  -6.0200573205947876        37.678977966306775       -2.5083534419537701E-003
         128 -0.80558311750064560      -0.92481613159182530        3.5839121341705322       -24.870510101318359        5.2611855790019035E-004
         128 -0.31006682389215695       0.22195053100585938        8.4011600017547323       -97.481227874755859        3.7945285439491272E-003
         128 -0.57927631804704971      -0.76403427124020595       -4.1234214305877543        47.639904022217706       -3.0909483321011066E-003
         128   1.6445905369473612        1.2405395507812216        10.207596063613863       -105.80199813842682        1.3057934120297321E-002
         128  -1.2252206278290021       -1.2381954193115519       -5.0089901089667990        51.588851928710028       -4.6039768494664512E-003
         128  0.16950217872181361       0.48338317871096592        1.7140602469443991        5.8235969543457031        3.8878619670869030E-003
         128 -0.26054514162387910      -0.75610351562500000      -0.35271954536436567        9.1153488159170593        5.7133054360736235E-004
         128  0.77226641820743702       -1.5211200714111044       -2.4904340505599976        35.784202575682684       -8.0145103856921196E-003
         128  0.14954259850492191       0.83295440673828125       -3.3248412013054178        31.584583282470703        5.9337313286960125E-003
         128   1.8768131393590002        1.2541236877441122        13.275536477565765       -170.73390960693268        9.9866553209720932E-003
         128 -0.30085256960956008       -2.2673091888427734        2.7736425399780273E-002  -30.214534759521484       -1.7971564084291347E-002
         128  0.68960962100413725       0.81075859069829903        7.6233333349227905       -62.347602844238281        1.4337982982397079E-002
         128 -0.70927121001295701      -0.92504882812502842       -9.7937332391738892        126.39059448242188       -8.8157751597464085E-003
         128  0.92113431743928198       0.45468139648437500       -5.5264722108841227        76.312267303467706       -2.5268816389143467E-003
         128  -1.6519564865593552       0.64102745056149502        3.3831614851951315       -41.632415771483466        8.3631514571608223E-003
         128   2.0921034591956400        3.0827426910401243        13.401704847812653       -160.62910461425781        1.8198554869741090E-002
         128  -1.6292227449885095      -0.73346900939941406       0.66870039701463213      -0.58312988281340949       -9.3326903879642487E-005
         128   1.9292894639220313        1.9279308319091797        5.4597265720367290       -62.884281158448175        1.1883256956934929E-002
         128  -2.2670018770659208      -0.43628692626947441      -0.60567492246624965        5.6326332092276061       -1.6226186417044319E-003
         128 -0.11158651980804277       -1.5490016937255859       -1.4383327960967875        7.4482269287109375       -6.1990041285753250E-003
         128  0.95323630231723577      -0.63475036621096592       -1.8360513448715210        12.522777557373047       -1.0685203596949577E-003
         128  0.82583348962998504        1.5681247711181925        3.3284049630165242       -28.240020751952216        1.3628470711410157E-002
         128  -1.7041984207953635      -0.71097564697265625       -7.8130053877830505        100.77974319457917       -4.7253649681808785E-003
         128   1.7274728187330755       0.62728118896484375        6.0966735482216023       -92.236343383789062        9.2887510545550667E-003
         128  -3.0142146499420024       -1.8174400329590412       -11.805616974830613        159.53640747070312       -1.8888555467128643E-002
         128   1.0393952215708844       0.57673454284665127        2.3542747497558736       -24.700092315672919        4.7825472429395832E-003
         128  -1.1941439324164085       -1.4941940307617188       -1.4855649471282959        22.733440399169012       -8.0273952335119247E-005
         128  0.94360520788677527       0.22179412841799717      -0.29824316501617432        4.4031410217285156        2.3890929296612740E-003
         128 -0.20820240512875887      -0.31731605529779472       -6.6778659820556641        88.839538574218750       -8.1775579601525150E-003
         128  -1.6239769979656546      -0.64596366882327061       -7.9760252237320088        68.456893920898438       -7.6281484216452755E-003
         128   1.6997083861206177        2.0775184631347940        8.2609421610832214       -108.03173065185547        7.5740530155601338E-003
         128 -0.25705895209102869       -3.3026542663573935       -6.9637625217437460        68.856986999511719       -4.9784309230744839E-003
         128  0.25954898594409304      -0.58498954772954903       -2.0797388553619385        20.194042205811456       -3.0388003215193748E-003
         128  -7.4452969391131663E-002  0.29295349121093750        3.7730442285537720       -30.554492950439453        9.0903961099684238E-003
         128 -0.64194377889725662       -2.8647060394286825       -11.358464717864976        123.83670806884675       -1.6597141511738189E-002
         128   1.0894699983036835        2.7804737091064453        9.5590863823890970       -126.53068923950195        5.0390651449561119E-003
         128 -0.98575414908827863       -3.8158721923827841       -13.922462582588196        150.52447128295898       -1.4901977498084418E-002
         128   2.3262453356292081        3.5526504516601847        14.342369854450240       -167.99092864990234        1.4609821606427320E-002
         128  -1.7024451895431398       -1.1531982421875000       -9.7985253334045410        92.995674133299872       -6.4413999207317829E-003
         128 -0.37181247435364617       0.58524131774905186       -3.2728160023688986        16.034759521485284       -1.8342969473451376E-002
         128 -0.13816043902988895       -1.0939865112304688       0.10807430744168300        13.015598297119141        3.6129998043180622E-003
         128 -0.38432964657840757        1.5204257965088459        3.6318749189377115       -32.397735595703125        3.1070676632225513E-003
         128 -0.85648130970946501       -2.2485866546630575       -3.6263129115104675        51.926387786866144       -5.2166278474033989E-003
         128 -0.66530867403343963       0.69341659545901280        9.8681506514549255       -94.055427551270441        4.8195794224737964E-003
         128 -0.87896040920895668       0.61659049987795811        3.4189512133598470       -33.751117706297919        4.5298235490918159E-003
         128 -0.54693071154429129       0.65087318420412998        5.4285750985145427       -51.310493469238281        6.1975750140845776E-003
         128 -0.31449498942492915        4.5495986938476562E-002   3.0218700766563416       -44.818271636961981        1.3495427556335926E-003
         128   1.1507792825796050      -0.12087631225583095       0.22758573293685913       -24.638328552246094       -1.0801050812005997E-003
         128 -0.73674233446490645      -0.48717689514160156       -4.2812682986259460        45.386260986328125       -6.6942377015948296E-003
         128  0.90434508040925676      -0.24291038513180752       -2.8802340030670166        34.681106567382812       -9.1465981677174568E-004
         128  -2.3822685991854069       -2.1811084747313885       -13.478123128414168        161.25239562988463       -1.8437840975820907E-002
         128   1.1578786978279811      -0.71479225158694248        9.4940423965454102E-002  -13.120853424071356       -1.3016047887504101E-003
         128  0.59396045347830240      -0.50107192993164062       -1.4747654199600362        17.154575347900391       -3.3086691983044147E-003
         128   1.8868419677819459       0.97066688537600498      -0.85984545946119795       -19.915721893309637        2.2979513742030777E-003
         128  -1.0388558711056239       -1.5244827270507812       -5.4147179722786092        74.772743225096747       -7.0895622484383747E-003
         128   1.0468497869696867        1.6140098571777060        7.9814313054084494       -109.39776992797761        1.2909223325550445E-002
         128  0.14755096781300403       0.34101295471194248       0.44533151388168335       -31.514564514159247        2.3872004821895443E-003
         128  0.70840691574994663       -1.9669685363769247       -8.2626850605010986        101.77171707153320       -1.1057974770665169E-002
         128 -0.47425574320914132       -1.5964736938476562       -3.7330746650695517        35.209941864014581       -7.8234374523162842E-003
         128  0.95943525384063755        1.1298427581787109        5.7381597161292603       -62.362674713134766        9.5549635589121662E-003
         128 -0.42358815286479468       -1.6172409057617188       -7.9251944422722005        97.924732208251953       -1.3648335356265417E-002
         128   2.6776945492747450        4.7912044525146769        24.781202137470245       -272.70763397216797        3.0479286797344796E-002
         128  -2.1196823457548803       -2.2139415740967081       -5.0410999059676840        66.623451232909247       -8.9015229605137192E-003
         128  0.72366135189804415        2.9949588775634766        12.793092489242568       -139.57852935791016        1.3566526118666156E-002
         128 -0.12507065346653679       0.35128211975097656       0.92040020227430830       -7.6672096252432311        3.8626589812338352E-003
         128 -0.87131902225155433       -1.4106750488281534       -4.3719289898872518        50.704265594483331       -7.1848728694021702E-003
         128  0.23000219683308376       0.40589332580566406       -2.2103912234306762        13.771720886232288        8.5847824811946527E-004
         128 -0.28172463299415518      -0.66856575012209873       -2.0713778138160848        31.010799407958984       -3.8404040969908237E-003
         128 -0.25028410045342753       0.27716636657712002        1.2446065545082234       -12.734584808349609       -7.7473931014426789E-005
         128   8.5444216307223514E-002  0.82744598388666191        5.5396400094032145       -61.060623168944403        8.0197169445455074E-003
         128   2.0209826116624741       0.42760658264162998        4.4234367012977742       -56.599308013916016        6.5787518396973610E-003
         128  -1.6970001817535363       -3.5200042724609091       -10.706072688102708        122.03605651855560       -1.6552492044866085E-002
         128   1.4824307516682882        3.8927288055419638        6.6596525311469748       -82.263236999511719        8.9190020225942135E-003
         128 -0.32302679881104268      -0.26695251464840908        2.1779596805544088E-002  -1.3049125671395814       -3.1820219010114670E-004
         128  -1.2225108869606618      -0.71668624877924003       -4.1290977597236633        47.575016021728516       -6.3790264539419494E-003
         128  0.75019207299919743      -0.14988327026367188        2.4506759047508240       -25.441280364990234        4.0718899108470596E-003
         128 -0.80193655936454833       0.36705207824712716      -0.48597157001498203       -1.8041381835937500        1.9636377692222595E-004
         128   2.0264009339916798        1.6200256347656534        9.4112093448638490       -132.44897460937409        3.0492069199681282E-003
         128  -1.8193040482728959        4.5040130615205953E-002  -6.4298204183578349        73.813816070556641       -8.7920986115931354E-003
         128   4.3956337996933117        3.1133174896240519        3.8862102627753927       -92.024093627929688        8.5424496792256832E-003
         128  0.80014948704047084       0.98137664794919033        7.7853816151618958       -80.991619110107422        5.5006355978549637E-003
         128  -1.9055088875174977       -1.1289768218994425       -2.6029235720634603        26.091934204100653       -3.2324683852494873E-003
         128   1.4728569431727001        2.8068485260010050        7.9679981470107748       -67.130397796630859        7.0229396224021912E-003
         128  0.97260041331173785       0.31606101989746094       0.58948093652723799       -9.9469985961914062       -9.5856841653696456E-005
         128   9.8212830260308692E-002  -8.6742401123018453E-002  0.43742871284483442       -5.2786445617684876       -1.7010141164064407E-004
         128 -0.21333118095935788       0.39151954650878906        1.5540504455566548       -18.781311035156250        1.9858041778205715E-003
         128  -1.1667526806704698       -1.6304016113338093E-002 -0.22275632619856367        3.7642898559579407       -1.2589804828165851E-003
         128  -2.1349128743076999       -2.8167152404784588       -7.5096876621246196        100.44071197509766       -5.8357510715723038E-003
         128 -0.10615697495654779        7.1956787109374716        3.5325725078583332       -28.800674438475653        8.0837761051952839E-003
         128   1.1281277378429870        3.2522563934326172        11.761089742183685       -110.12878036499114        1.0500447358935960E-002
         256  0.52013953714259542        2.1034311980002940E-002   1.0689297206324540       -20.512845544967604        1.5720083022832121E-003
         256   7.4479250773162808E-002 -0.48501649176930073       -1.0411373300811135        9.6004235969762703       -1.1771693814434103E-003
         256  -1.2364385363633212E-003  -2.0554175081883841E-003  -1.4835913211194764        16.961531858953094       -3.8789430558514582E-003
         256 -0.22013073726206889       0.18962710082021772       -4.1043432215761300        42.763355077822325       -3.7372163751996368E-003
         256  0.50427983523943332        2.4083612867556781        7.3600567823996670       -84.459651755086270        6.1539924014325509E-003
         256  0.24535678406403816       0.54158902641376017       0.67803691965681878        12.063407199401809       -1.3502269756070495E-003
         256  0.72118937974895669        1.1063001510952972        1.4585162221853238       -37.926455964991874        2.7854470225034955E-003
         256  -6.5562669483120006E-002   6.3369978372207925E-002   2.5999976121380968       -22.013246377973246        2.1583967470704124E-003
         256  -7.1795493778061381E-002 -0.37688318853059855      -0.79415696639462396        22.133059415871230        2.9009148994452172E-004
         256  0.92531707127856411        1.8887992148981141        8.1960979381453285       -76.369188570706228        9.1029830255932032E-003
         256 -0.20107245946858265      -0.88024198877184290       -1.8814681920681693        26.782381450592766       -3.4363201455128722E-003
         256 -0.16426937664446672       0.45121269621483862        2.4334664785396853       -25.578985750121774        3.3116714995863328E-003
         256 -0.39481356602332185      -0.72951946370025667       -9.6388011685315291        94.825947652716422       -8.9840472532735083E-003
         256 -0.21803812573116010       -7.6956773632986142E-002  -1.6983745271166981        18.641838369288052       -7.3625736973625955E-004
         256 -0.11278847896228572       -1.1621848491720357      -0.22597302568948407       -2.7076807870339508       -2.4695814176055597E-003
         256  -5.1257216727278232E-002  -5.1096816085845376E-002   3.0080885189423157       -28.899671881085396        2.2610381526293466E-003
         256  -2.4744499311686874E-002 -0.43767175672530811        5.3029813014936735       -54.657441190841837        3.4969839484991772E-003
         256 -0.90687727036570998       0.26281560902157253       -2.4495909355493097        23.847525778336603       -1.0969639287271571E-003
         256 -0.14654730492010443      -0.86153013673217060       -4.4201280625755430        54.967507125967586       -5.9823151165576682E-003
         256 -0.53973564457774237       0.33148867246083569      -0.20591314884701717        10.241778597089251       -2.0376289039281126E-004
         256 -0.51532573388297631      -0.48095151252408641      -0.22473053659537356        12.963712436764581       -2.4537500076315943E-004
         256 -0.37933053361666691       -2.2592383188788574       -6.0265040272941519        73.875416864030740       -8.7192004084980512E-003
         256 -0.77648508559879914       0.22088724977334095       0.74776129408537884       -20.595288826752949        4.0398603820107626E-003
         256 -0.27100092230401018       0.20072150004739342        2.6524105057156220       -17.881242179719266        3.3121548712550242E-003
         256  0.91717284972770519      -0.31384229275153075      -0.36255157416296413        6.9064779621089656       -4.1975626938750565E-005
         256  -2.2244727348755036       0.53997328482921603        2.7315868166848674       -40.555766541683624        2.9456392911593188E-003
         256  0.30392627873325301        3.2023512673390542E-002  -2.9753611538988025        30.902900126865461        2.2937691317649334E-003
         256 -0.18574989780358875      -0.37130496883648334      -0.38288810291901143        33.348167217226091       -6.1610658279931396E-004
         256  0.27473674951043958        2.0742912041172303        8.1706922393314301       -102.08484070333407        7.3006803917796681E-003
         256   3.0771697246217769E-002 -0.10201560388361486       -1.5107172014085108        36.526473876074306        1.0486827381243069E-003
         256  0.64350968003311482       0.32130329646230393        3.0349535945327375       -11.359224397978778        3.0907614272944750E-003
         256  -1.0823799695706080       0.55295586286970888       -2.4224069769005041E-002   6.0060270652229519E-002  -3.0438717412362148E-004
         256  -2.8326555305367429E-002   1.1215674254998760       0.85968427335477315        4.2281610530189937        2.4506107259641974E-003
         256  0.44403995533936669       0.57152745019755002        8.2681026256657049       -103.80294855351030        6.3787082024361896E-003
         256 -0.89897344290683234       -3.7019310125528762       -15.507574408490015        186.03306573984946       -1.5085990930973292E-002
         256 -0.41269874431116593       0.47850227486344465       -2.0754268088035133        15.375774553994233       -5.8714603438952961E-003
         256  0.46420851293442911      -0.38911049504585549      -0.16633287482302705       -4.4631098401555391       -4.3065050532928861E-003
         256 -0.29375420237032729       0.48410746854065678       -2.4742406884882655        19.831741683438395        3.0425994332475836E-003
         256  0.54386229223555382       -1.1479614679113297        2.3990957235790376       -5.8420845910754906       -8.6987209913880204E-004
         256  0.17907192899022861      -0.18007291602501141        5.8137362836134798E-003 -0.40210656007775469        2.2721431886674193E-004
         256  -1.0596040150554393       -1.3760130075819745       -5.6273500225419184        53.562065502880614       -4.6786340667749338E-003
         256  0.49420125768808243       0.21797136220598645       0.96007427329134032       -1.8180032989930623        1.7848656923312167E-003
         256 -0.44868849017665480       -1.6513823083136003       -8.4228153614731696        80.758880623804089       -2.7396189101931423E-003
         256  -2.2416902219982118E-002 -0.52430679547555314       -1.1890714196551642        13.903847457493612       -1.3066728174828124E-003
         256  -1.2021796572485881       -2.3733247801759774       -8.6579994123173094        98.843824928697813       -1.0863653134156603E-002
         256  0.44983123967983296       0.35385549920343351      -0.24886458069596529        18.719760811514334       -1.7298627379355169E-003
         256  0.18175277076571184       0.23168223778876040        5.8729843844743215       -71.052972568724726        1.7816757027344643E-003
         256  0.12083490536234498        1.1524957944615721        8.8380735927477332       -103.71315755874321        7.6491505352677680E-003
         256 -0.28214985563280504       0.88868214806723245       0.64079832453610663       0.75678206836573736        3.4221647313137371E-003
         256 -0.23421678720158068       -1.9302231606633597       -7.4691152089632169        71.928990431751117       -8.3916331262379185E-003
         256  0.74958188165376316       0.66527013348070341        4.4372261960794077       -36.170012690108706        8.2915692638833582E-003
         256   9.0589904661579582E-002 -0.55854217475874179       -2.5542646568748211        17.833535993302121       -6.2224270296132311E-003
         256  -7.5972778939884716E-002 -0.93731623950094445       -9.1835780310934894        93.530894357851594       -6.7468477532887094E-003
         256   1.1649146759987026       0.46833847805135065       -2.7365887203724384       -11.607196224128984       -5.0225806680375129E-003
         256 -0.44434268511131020      -0.35093691423770679       0.46422342835015229       -7.5822463697927560       -6.8261299266042519E-004
         256  0.14968031913925750       -9.7915558459931162E-003  -2.2197919875393950        13.780932411545564       -4.1426012277900881E-003
         256 -0.91564245756937745       -1.3799754856915456       -6.5072098236914258        83.553066974470767       -7.2165901850108627E-003
         256 -0.18560522390988907      -0.84350072646356011       -2.9939212772838317        27.604084501356283       -3.5406803522372021E-003
         256 -0.22616928816950027      -0.11807051859327089       -1.7978705081026760        16.606068710359523       -2.0121221580464144E-003
         256 -0.31935807648908787       -2.2064232600728246       -8.7352695899158164        99.736534292433589       -8.5431767298703165E-003
         256  0.77920428354542515        2.0465053041805845        7.9701750672056022       -96.458974165564996        8.6936041005618026E-003
         256  0.69128409098446530       -1.9420782262125158       -5.9079407277481550        73.352812126885510       -5.9232173324113568E-003
         256 -0.29924287183428727        1.2687105030211399        1.4167819913213435       -15.175665363361986        4.6952768035806169E-003
         256  -2.7109275912417297E-002  0.74983357033295306       -4.7109273245469723        44.120847748643428       -2.4497361788576311E-003
         256 -0.55507338135136730      -0.84008042541321970       -4.4267124961309889        58.856815609154182       -6.4152060561575852E-003
         256   1.0487434570598904        1.4172292536777320        3.8159459085013054       -33.317098583552252        1.6803632399929325E-003
         256  -1.8487850861546700      -0.87070938316307434       -13.814220329674214        155.37398344574558       -8.5592188740848396E-003
         256 -0.12705874474741186       -1.4441007355891031       -2.5068802194995072        22.230268255975716       -1.1462125212121088E-003
         256 -0.60164427854536340      -0.65181281333855168       -1.9170225991223475        31.077384033602357       -3.0494489546750714E-003
         256  0.70427082661967499       0.40053127946785594        2.4902398007704107       -37.226443341346567        3.3415127854209414E-003
         256 -0.19744450675048558      -0.81439579875586787       -6.3502612818641353        68.516430914529337       -6.4296716448201119E-003
         256   1.4304677116872413        2.7583379271969193        4.4210752708489451       -40.315671118581122        8.4722995601097528E-003
         256 -0.61141327395308032       -1.1936823691759741        1.0437985663897535       -10.771784995181861       -4.2842640296247292E-003
         256 -0.88510590834894376      -0.99878994686497435        1.6606557950977390       -16.790835099434389        8.2186354595781275E-006
         256 -0.38853594049661161      -0.32991069445259313       -1.7639636213559129E-002  -10.365038910018939       -7.6700942262553085E-004
         256 -0.47906136986937370      -0.15238951722386673       -2.3400083707776957        21.492303238183467       -9.0224417151779646E-004
         256  0.32782336838448023        3.0480600841542582E-004   1.0117825558554614        1.7591406731876305        8.8809007440771026E-004
         256  0.15476713703741779       0.28974643369568298        6.1538108591511076       -64.631799720002164        2.1853299003579685E-003
         256  0.16169148560138646       -4.6745912620167474E-003  -1.5419285443110482        17.119086893930216       -4.1335218746585967E-003
         256  0.95754471613658998        4.7660330645726390E-002   9.5851687137455173       -100.84758725934216        6.9425948399305382E-003
         256   9.0204550325118649E-002  -1.4296211014936944E-003  -8.5924442884390828E-002  -1.0263007121748160        5.2274999625867569E-004
         256   2.7954001597561340E-002  -3.5443813723645690E-003  -2.6683073697432604        31.962195415102997       -1.3464436374087674E-003
         256  -1.1472337382813977       -1.2061821129199473       -10.037940337593085        110.41190887740868       -9.0683916582222635E-003
         256  0.42901241636617238      -0.27429034140973840        1.4868453107056183       -31.524903991539304       -1.4310633139619222E-004
         256 -0.62492820937219651      -0.50807115507956269       -5.2630718605828690        55.889574972851278       -3.6521054244434414E-003
         256  0.14066422796298933        1.6938609368159518        13.701213417754829       -148.21389070023224        1.3220141386317441E-002
         256 -0.95965586631021116      -0.18138385160108328       -7.3334536073259216        104.80231844101081       -3.2586336420023509E-003
         256  0.17172626774480693      -0.40662739963650552       -2.5235378341427435        25.159480970978620       -4.9950311170905426E-003
         256 -0.24634814311634112       0.31725180420866650        5.3235777920114060       -41.171571785050673        2.4645995284027777E-003
         256  0.28762914639399567       0.11910092474559519      -0.79657923007223985       0.43827867134405096       -2.3452205556291905E-003
         256  0.29261880727612888        9.3246361995056759E-002  -3.4832790630371591        42.258526195504601       -4.7354394574888881E-003
         256  -2.6452462553310019E-002  -1.6494806425087916        2.2799981705813366       -36.289874281175798        3.9621988867287183E-003
         256  0.14484130657978755        2.9543956255755290        8.8090420848501338       -108.36294894077082        4.4255508025455303E-003
         256 -0.39631259015169440      -0.54923884800584233       -2.8753653955831737        37.126920133495787        4.3630746850731317E-004
         256   1.4483054834151938       0.39040524623203510       0.39726675316964588       -19.064455946073849       -3.3465322116599250E-004
         256 -0.58951615698256166       -1.1976448472807988E-003   3.8337328900972665       -44.689890895003373        2.0076466895702083E-003
         256  0.10110780758255028       -1.7670008918478288       -4.4103369281979354        22.618990325665436       -3.9748435998264720E-003
         256 -0.76799918095418651       -2.4141687853056908       -4.7153105124984336        34.397325682634801       -1.0928033103801527E-002
         256   1.7198541133249399       0.35805265096547600        7.5376054393736780       -77.279533524558246        1.1643999400157756E-002
         256  -1.2120524967004747       0.32821672831724413      -0.39448270094439408        10.058587488622834        9.9018752219293127E-006
         256 -0.62969307875157754      -0.78496178845506392       -5.0075002832959257        58.941994052820064       -3.4332104983459955E-003
         256  0.23725227967716211        1.2938745318056419        3.9386165870220822       -48.181004045653481        6.7916024380513251E-003
         256  -9.7691952307001229E-002 -0.66374340604022564       -3.3007012755114857        45.633705167020253       -4.2042409937372849E-003
         256  0.72919822194381034       -9.9107808511178064E-002   3.2461094741597236       -48.275531671844874        3.7594172276528282E-003
         256 -0.16644071182063058      -0.46906677559360332        2.8478428291560220       -28.830429666603322        9.8497382533302424E-004
         256 -0.17272115258266729        2.3451909158579554        11.383350518471289       -125.97849199267921        1.6420391106420129E-002
         256  -1.0283126455773006E-002   1.8270800442883512       0.99405803588898323       -22.307888589591585        2.0702854675359039E-003
         256  0.18150354312523057      -0.54039138156642252        1.0169647637609387       -2.9125589778695939       -1.7824797855787722E-003
         256   1.0501859711251778        2.0929113446129577E-002 -0.44263539107437566        4.3010771239933092        1.9605989528309609E-004
         256  -1.6094265532845791       -1.3897913181223771       -2.4506232804567105        27.301511938721887       -2.6266106969896619E-003
         256   1.0948663157513376      -0.59672115036340756       -1.0752560468876453        7.0137858614666584       -2.2096110949119119E-003
         256   1.3650760051740005       0.45787257262912817        2.2621859851699497       -27.540754983958323        5.0683896825572949E-003
         256 -0.63192830294731017      -0.19218423441307664       0.18158514494956535        1.6014345839048474       -1.1261572067660652E-003
         256  -2.1534938171792604      -0.75364229673917293       0.53050297226248233        3.2336896408405664        2.3495616810254027E-004
         256  0.67582032519131463       0.19398879387890133        1.3796430313505397       -18.061207199811633       -2.2014642408035856E-003
         256 -0.65785254740351695       -1.2332397153143688       -1.9464276123914459        16.004084935903848       -6.4668056525361006E-003
         256  0.92999306359919010       -2.1582666081390585       -4.6679353474297471        36.957782470198708       -3.7833520277954502E-003
         256 -0.48954158233567086       0.66167989633711954        1.8811600986055055       -18.793378206044963        2.9993218638165176E-003
         256   1.6801554172168354        1.4850040834816127      -0.33091008052450377       -1.8875098585085652       -5.2862131567401605E-003
         256  0.13624544356377921      -0.12681278649873207       0.76989251994471886       -9.6130420262466032        3.2826244184280817E-003
         256 -0.23176920534882622       0.31020889723509981       -3.1900440503965797        40.808879609002361        4.7215237534906640E-003
         256  -1.0578781960483163       0.43688411642028768       -5.0188798481001982        64.420269744948200       -5.9800049424237334E-003
         256   1.7587208179722456      -0.62532166458811389      -0.57308511342480983       -17.779070126734041       -5.7381419595209371E-004
         256  -2.8032600196532975E-002 -0.12590376327005970        1.0638466421146404       -21.551975083480102        2.6493535315729178E-003
         256  -1.7272369350668082      -0.16622986792526717       -2.7918109542842870        39.138828607021424       -5.1054137133406119E-003
         256  -7.7028260614986577E-002 -0.27581437145190080        1.3236730280524256       -9.1406628455338250        3.4587323907528944E-003
         256  0.68124479759122203        1.1836156787028358        1.5853787419652861       -20.566156925062387        6.3287905287310875E-003
         256  -5.4102392805432720E-002   4.8062242993097470E-002  -1.3615145759879397        13.755706342600661       -1.2418186957919852E-003
         256  0.39033370617292812       0.44424261899550288        1.6011115704585279       -16.055270766134981        2.1897039529800710E-003
         256 -0.76786603583647384      -0.82281168146653272        1.1631855839439709E-002   9.2202522799129838        4.4073420468987434E-004
         256 -0.28827285269545677      -0.10993516530621150        1.9974099576367763       -20.852507334292568        3.1637874277847811E-003
         256 -0.23145400787913387      -0.55622510961501348       -3.5223045159473543        35.734253388781326       -1.9727188059557310E-003
         256 -0.27506272863158687       0.32793889629184036       -5.0722321106372732        58.437602149027498       -3.0750643604022798E-003
         256  0.42527248118354055       0.67675835286038932       -3.0772762796956954E-002   5.6030465481103420       -6.5188925718495661E-004
         256 -0.65563050711448723      -0.26220329960639788       -4.1730760492465890        9.3426332409967472       -2.7070242497704289E-003
         256 -0.42830773118419208       -1.2781001465197335        3.2920882298434861       -48.913930323413297        2.0969657397322816E-003
         256  0.94474879799908651       -2.0613517844537910E-002  -3.6682872064353802        26.010326713026643       -3.3046171708169814E-003
         256  -1.3649450838196069       -1.8036801139951137       -2.3045489627199913        42.851953822538690       -4.9857818594759573E-003
         256 -0.67213227780703266       -1.1525011892581460       -2.8306713601356961        33.074731951078320       -2.8657815499433248E-003
         256  -1.3882142908465922       -2.3748919685910153       -6.4499955611315869        92.331555544429648       -2.8714983748170386E-003
         256  0.96816559296892968      -0.52858756658508810        1.9673648180324932       -32.004398908978146        5.6773490818114447E-003
         256 -0.22396288538124054       0.68970046992632206       0.27485022014538174      -0.35786922788156517       -2.3913213053659566E-003
         256  0.23990672540414315       0.16831765421312639       -1.1078546954557709        52.863989611219040       -5.0376415809361141E-004
         256  0.50827417196249125        2.2338072476621278        6.4529030193292840       -72.027898632787583        1.4687383159914413E-002
         256  -1.3289950237394821E-002 -0.81342743276448459       -2.9217568532076115        34.943408574623390       -3.9804208132647179E-003
         256  0.21478621093580452       0.30695044008299988       -3.5413694742838402        44.092195983851525       -6.0466371342857705E-003
         256  0.24602012076953617        2.2404563344832127       0.10871948160779255        15.652328012581165        2.2204448106126762E-003
         256   1.0527563101303281        3.4447826373694852        8.2289416284906878       -101.68627312983153        6.6400054923135832E-003
         256 -0.38585943047770010      -0.82029231144997539       -3.1434225552729487        34.958179527740413       -5.5642111353399470E-003
         256  -1.2268241060604572       -1.6838481943089505       -1.0127737654387090        17.913055295324739       -6.9555978012404429E-003
         256  0.42008046331736204       0.30790531908291996        4.2935559345817609       -55.839921264858731        3.2541219535782151E-003
         256  0.66611556892761525        1.9326238451545521        5.8204808751725068       -60.090859149162952        4.1800730688389409E-003
         256 -0.75078957159298065       0.11489298339026277       -9.9277144433258400        96.995610768691222       -6.8040153434822392E-003
         256  0.16959137235211574       -1.8775942223404343        4.1610420281786560       -46.282159719470201        1.9661899957037487E-003
         256 -0.12692712196723038       0.60277680955749702      -0.61470478915452986        8.6763866493297428       -1.4607998912199438E-003
         256   1.0888611662316389E-002  0.10809284226414206      -0.64929327473457477        18.625837402544221        7.7444254619600805E-003
         256  0.49200764158971427        2.4209095836691290        4.3975290066976527       -37.506913422272646        1.2094341769219252E-002
         256  -2.6409314382729754E-002  -1.0794286691839261      -0.79493592444883632        7.1579941696327296       -1.5334650093197233E-003
         256  0.97484814773189732        1.2572411654296047        3.9045418715253817       -34.245667160351331        6.7819534439202411E-003
         256  0.19557173245598211      -0.55244065979351831       0.89522873375274514       -6.0081040619334090       -1.9313128200164065E-003
         256   9.0632715000917241E-002  0.31788299541202036        3.1244276449986899       -30.593589463265744        2.5671684940655748E-003
         256 -0.31575472606773086       -2.8103140951301384       -4.9266588346356741        62.289114687168876       -6.3114806863387996E-003
         256 -0.87354212197476422        1.0814139543361705       0.93261096533315424       -3.6508153146787663        1.3040577372414597E-003
         256   1.0366712828351778        1.3772268368190907        7.4058453715030339       -82.973196471315987        8.8703034458547103E-003
         256 -0.86870894687729050        1.2696438028345369        7.5441993138231851       -54.656664340130646        9.9299476573143086E-003
         256 -0.26258843225002393       -5.2877098966973790E-002  -2.3387328385543640        14.496228493985200       -4.8873116748307521E-003
         256  0.95875001526566361       0.85842003648684795        6.4297760320269930       -72.851446703990860        6.2521853388399773E-003
         256  0.16937582346493898       0.72217175071827455        5.2610482217984469       -67.985847273198488        4.8358424702649172E-003
         256 -0.69352976280874712       -7.2255208387872472E-002  -3.4133555026025419        32.060920193054699       -2.3887984213559754E-003
         256  -7.4632370965789174E-002  -4.7139732772905063E-002  -5.3526497607947476E-004   4.7908976821422584        6.6020404014210943E-005
         256 -0.64000680641238861       0.19452018134495574       -1.8187151592644000        33.915597319398785       -1.6403553440441088E-003
         256  0.24139536144693791        1.3163303726940967E-002 -0.34464927878946128        7.9893053531563964        1.0524608079666153E-003
         256   5.4413036810926352E-003 -0.62159116273272730       -2.6596200613281695        30.647612956512603       -4.9569876594088846E-003
         256 -0.87772095935300365      -0.73734461618221303      -0.75926713084776054        7.2213776349963155       -2.5100799292129827E-003
         256  0.30022967962375707       -3.9554648740107723E-002  0.45092651911345172       -12.873905257607021        5.1607498912581429E-004
         256  0.25608439631879631       0.44742554899505649        1.1053853116015233       -10.282428389539746        2.1864105718955584E-003
         256   4.8777125230010876E-002 -0.15137799285960796       0.92855635421271643       -16.764503097184843        2.3218165423600223E-003
         256 -0.73935387844608702       0.11832677143215165       -3.0223607905472676        50.941079097359307       -1.4946951770458128E-003
         256  0.52958337031889935       -4.3387651731080723E-002   1.3433469240562061       -24.233021759654093        5.2861367655765434E-004
         256 -0.24178982256902504        2.0899442064830964E-002 -0.25662196104549650        2.5355759856024633       -1.0618839213314968E-003
         256   6.6339801298840539E-002 -0.44052830152992328      -0.72666645923087003        9.8439393211283459       -1.7288854578856316E-003
         256  0.76916026649474367       0.10097440813805747        1.7562446789330579       -22.263241252852367        5.0511404262597037E-003
         256 -0.68413428742772153       -1.6152344736323698       -6.4306595985591741        70.860998731378459       -1.3062894787245760E-002
         256 -0.32458317948343218      -0.46451086985700840       -2.1152074489453128        29.641305360572915       -2.7401167698409834E-003
         256 -0.50525773382720884       -2.1263590835900459E-002   1.0794903721701274        18.515449074322987        2.4294701301690869E-003
         256 -0.50308308365632404       -1.1701934247386419       -4.4014951094362402        35.850322437832347       -5.0254953860299212E-003
         256  0.17581187095761430       0.66171496251510575      -0.31134247887263200        3.3934565424274297        8.1106881609649406E-003
         256 -0.41149813027705451        6.5336381736358362E-002   1.8697015506071608       -16.980170881239246        3.5729200571699149E-003
         256  0.52712597996983335        1.6530924588387848        6.8814528493376201       -76.916663320220778        7.0680080560305836E-003
         256  0.48524074604379253      -0.49838210036907071      -0.87348812488536964        9.3951623755829132       -1.2182849492546888E-003
         256 -0.51595712526837134      -0.61866718297042667       -4.0317707317126121        59.152757966755871       -3.7081930016438225E-003
         256   1.0091103211949337E-002 -0.23656452872023692       -5.6761918979387360        65.958137440404698       -5.6755631091056635E-003
         256  -9.3990324868052713E-002  0.49826611224199269        1.0714122543034392       -2.5346804493647141        8.8382468162950811E-004
         256  0.26471673152715636        1.8125680414090652        8.5289530114348935       -112.10618791096249        8.3213249389321176E-003
         256  0.13307114522929353        1.1872490742192667        4.9535763409056557       -46.055373259603584        9.4152246600635037E-003
         256  0.41490526394091359      -0.14650918891959464       0.96979999576004161       -19.596868423455817        1.7232983662799350E-003
         256 -0.38030041604183601        7.0132355922140732E-002   1.9118349121265368       -24.948247709737643        2.5170045247145945E-003
         256  0.18189193076914412       -1.3006908573216265       -4.4651583455804484        54.008177418901141       -6.8761035765930179E-003
         256  -1.0978823813253547        4.9141202314956445E-002  -1.7644764642094231        45.179857112661466       -1.6480003872371141E-003
         256  0.41462730029923583      -0.20349442550465824       0.89021502894759408        10.338847172480655        1.5538219371505346E-003
         256  -1.6236070379232348       -2.1451842263612946       -13.746106639208392        174.80105064592090       -2.1564912485367183E-002
         256 -0.94446427261350074       -1.6020603803122242       -1.3889532701865903        20.493963756835001       -1.5683896002260944E-005
         256  0.54299253124522162       0.52369718345869387        6.8157025855488769       -86.574757292951745       -8.4929192471971948E-004
         256  0.11788624593462305      -0.15675121028257877       -2.2651933313985921        22.691733763146203       -1.8174794505445013E-003
         256  0.36549530751826598       0.63100778021441783        2.6490962461360823       -34.990461990651511        7.1732994446896403E-003
         256 -0.15797416299529188      -0.21030805362232741      -0.62351474489877035        10.069862613535861       -1.1131232938639268E-003
         256   3.1990789524735302E-002   2.3737105081522714E-004 -0.86884590240298110        20.642175004085402       -2.6787219824508934E-004
         256 -0.17173271022913489      -0.81335190561196669       -4.1621526819306496        44.316468468497533       -5.4980570467907386E-003
         256  0.44216368026341746      -0.83561353382063430       0.12760076397847797       -5.6062025041269408       -1.5763461349569963E-003
         256   1.0383258671549005        1.3783381649206206        7.3205325636842531       -92.137326682101047        1.0456936046026488E-002
         256   1.1370062338530169        1.2011002145138718        5.2144262209126566       -63.076614727430297        1.0782684428355671E-002
         256 -0.46286886926297344      -0.78836860251382745       -4.5742318607157131        45.736190118208924       -6.1580338890781516E-003
         256   1.1791085395143952       0.50465355142748081      -0.76284320665018868        13.203414039713607        7.1914574924081265E-004
         256  -6.9763200916223400E-002  0.26410766280952203       -1.0385340878359699        9.4930941184329640        2.7184671191411436E-003
         256  0.41905327001840659       -1.9486005353115843E-002   1.2411681275751079       -16.508563156442051        3.5961139947411347E-003
         256  0.40615136037196964       0.86717039658725525        1.1117944142671803       -13.656539191326829        6.3018474972759142E-003
         256 -0.27290312987486676       0.10576768492549604      -0.65449014974335284        7.0487387486991793       -3.5434897031083601E-004
         256  0.17078166170999642      -0.13690914835316903       -2.8664324553332676E-002 -0.48223007932119799       -8.6441210662313583E-005
         256   6.2711602451663184E-002  -9.9655380367096313E-002  0.71658830481496238        1.4876529286170808       -1.0595783570083173E-004
         256 -0.77655256428788766       -2.5556743003701285       -10.891382409802304        117.27934469645515       -1.3574892068778155E-002
         256 -0.97360285519324608      -0.37006956041292938       -4.0700294491546742        56.351757987972178       -5.9847833413736451E-003
         256   2.5169653291332281        2.4238173790416511        11.800500637481818       -160.71067809565693        1.1508810749380982E-002
         256  0.78440845207097787       -7.3280219743708130E-002 -0.21565033525847355        3.2235042648421768       -4.5439110069644961E-004
         256  0.64406165944504268      -0.14307270347944723      -0.14720747790575217        2.3287826419705198        5.1345332343949446E-004
         256 -0.25673326659187168      -0.21022173687657641       -3.4600708166124150E-002 -0.58812454196640829       -7.7368179558046091E-004
         256 -0.81405814504129836      -0.34716864880604703       -3.8680006381601402        47.473767789349040       -4.7830146883789948E-003
         256  0.27822835763664278        8.5262063013175293E-002   1.7108923097118378       -20.951906461820727        8.4496594584693163E-004
         256  0.38801858215344120      -0.21037818597827140       0.95258410396138515       -4.4210142422125500        2.2763934349218085E-003
         256  0.17870380396851415      -0.87018878529025301       -1.5739403401582308E-002  -1.1283163160578624        4.8285141869774950E-005
         256 -0.46326815420300216       -9.2952345579817575E-003 -0.13968367539068538        19.348626857474301       -1.8395907409445855E-003
         256 -0.59728848888028796        1.3422685547901949       -2.8690481730472897        42.909559460732908       -1.5948090887829003E-003
         256  0.96148889095853818       0.75109595273954710        6.3313853099963637       -86.973524473928592        6.9441503220582512E-003
         256  0.33548506561261182      -0.35572479622851461       -1.5346358751132101        13.839902933282701       -2.2709077591703264E-003
         256 -0.60021975035956499       -5.0228253831761549E-002  0.49335060959386112       -12.364647247274661        1.6500688755368143E-003
         256 -0.31394766765185556       0.58314244729757547       -2.9679929575484465        34.564629115084244       -3.8278459289327604E-003
         256   1.0711613978251413       0.19469820963306006       0.61186434444599058       -7.2508062505007729        2.0333114861353918E-003
         256 -0.62223179104346582       0.74842283101961016       -1.3388023136749752        17.350572221642324       -2.7071296168915127E-003
         256 -0.95089306266916096       -1.2818818989429417       -4.3210859188543225        53.832544420485647       -5.5422908228474066E-003
         256 -0.17059471672924809      -0.35973313010933339      -0.11547823452869466        2.4935505200141961       -2.2205646657132427E-003
         256 -0.34610765182069902      -0.71779387326972710       -2.9769173841332162        25.440350266852874       -3.0080726032385985E-003
         256  -4.2026064570713006E-002 -0.57473465678182833      -0.79732430206021832        2.7844001896160080       -3.4800066710834465E-003
         256  0.54252833581620830       0.81542081011161827        7.1641078228902586       -70.007962701908127        7.2290491885573238E-003
         256   4.3983350307664759E-003   9.3489127842531161E-002  0.65889466400015806       -9.4155439171722719        1.6983968227995416E-003
         256  -7.2317007357006191E-002  -4.9356994179362346E-002  0.41460031896927774       -1.5393242905411171        9.2343547524015301E-004
         256 -0.27989162273572332       0.14629339705521716       0.39937468565103984       -4.5186816400291718       -8.4183324962250339E-004
         256  0.72448224776032311      -0.12130469916053244      -0.44648171246947754        6.6317317603861738        9.3380162434036906E-004
         256   1.1188677198404462       0.31171404548911141        1.4311393152665772       -18.952174044243293        1.0223482017945873E-003
         256  0.53239932954003444       -8.7875841970429747E-002 -0.46273387443007152        1.5741638870449606       -2.0043855771667562E-004
         256   2.3993874219175648E-002 -0.45349739257892452      -0.24282476871697156       -3.1484033012411601       -6.1725969423276350E-004
         256 -0.24442849383984411      -0.58216868650961828      -0.33522608639938767        9.3948332929885510       -1.1744041530544203E-003
         256  -1.3046480871607509        9.4899867155845641E-002  0.50144179298357017        1.4704273430429566       -6.3324322798602450E-004
         256  -7.2854317666866453E-002  -1.9917265394087167       -3.8246481369007483        52.267778269134396       -1.2209770792033781E-003
         256   1.3119926388422807        3.7159332071526023        3.7820253661764553       -57.188302124208349        2.3305501596249667E-003
         256 -0.82154974143367210        2.1017830876387222        2.8712618098247873       -26.210603142352284        3.9901527840037754E-003
         256  -2.3423133217495358       -4.3430081806387761       -12.365905077821381        117.04905161879469       -8.8951193785490879E-003
         256   3.1928029230079025        2.4163132169579455        13.430265490019409       -151.11797445262846        1.1371880906925314E-002
